2822,1,0,2
3115,1,0,2
3118,1,0,2
3113,2,0,2
3120,2,0,2
2821,3,0,2
2823,3,0,2
3108,3,0,2
3123,3,0,2
3125,3,0,2
3105,4,0,2
3128,4,0,2
2820,5,0,2
2825,5,0,2
3100,5,0,2
3103,5,0,2
3131,5,0,2
3098,6,0,2
3133,6,0,2
3136,6,0,2
2818,7,0,2
2826,7,0,2
3095,7,0,2
3138,7,0,2
3090,8,0,2
3093,8,0,2
3141,8,0,2
2817,9,0,2
2828,9,0,2
3088,9,0,2
3143,9,0,2
3086,10,0,2
3146,10,0,2
3149,10,0,2
2829,11,0,2
3081,11,0,2
3083,11,0,2
3151,11,0,2
2816,12,0,2
3078,12,0,2
3154,12,0,2
3076,13,0,2
3157,13,0,2
2815,14,0,2
3071,14,0,2
3074,14,0,2
3159,14,0,2
2833,15,0,3
3069,15,0,2
3162,15,0,2
3165,15,0,2
2814,16,0,2
3064,16,0,2
3066,16,0,2
3168,16,0,2
2834,17,0,2
3061,17,0,2
3170,17,0,2
3059,18,0,2
2813,19,0,2
2836,19,0,2
3057,19,0,2
3176,19,0,2
3179,19,0,2
3052,20,0,2
3181,20,0,2
2812,21,0,2
2838,21,0,2
3050,21,0,2
3184,21,0,2
3045,22,0,2
3047,22,0,2
3187,22,0,2
2811,23,0,2
2840,23,0,2
3042,23,0,2
3189,23,0,2
3038,24,0,2
3040,24,0,2
3192,24,0,2
2842,25,0,2
3035,25,0,2
3195,25,0,2
3198,25,0,2
2810,26,0,2
3033,26,0,2
3200,26,0,2
2844,27,0,2
3028,27,0,2
3030,27,0,2
3203,27,0,2
2846,28,0,2
3026,28,0,2
3206,28,0,2
3021,29,0,2
3023,29,0,2
3209,29,0,2
2848,30,0,2
3019,30,0,2
3212,30,0,2
2809,31,0,2
3016,31,0,2
3215,31,0,2
3218,31,0,2
2850,32,0,2
3012,32,0,2
3014,32,0,2
3221,32,0,2
2808,33,0,2
2852,33,0,2
3009,33,0,2
3224,33,0,2
3007,34,0,2
3226,34,0,2
2807,35,0,2
2855,35,0,2
3005,35,0,2
3229,35,0,2
2857,36,0,2
3002,36,0,2
3232,36,0,2
3000,37,0,2
3235,37,0,2
3238,37,0,2
2806,38,0,2
2859,38,0,2
3241,38,0,2
2862,39,0,2
2996,39,0,2
2806,40,0,2
2991,40,0,2
2993,40,0,2
3246,40,0,2
2864,41,0,2
2986,41,0,2
2988,41,0,2
3249,41,0,2
2867,42,0,2
2983,42,0,2
3252,42,0,2
3254,42,0,2
2805,43,0,2
2869,43,0,2
2981,43,0,2
3257,43,0,2
2976,44,0,2
2978,44,0,2
3260,44,0,2
2971,45,0,2
2973,45,0,2
3263,45,0,2
2804,46,0,2
2874,46,0,2
2968,46,0,2
3265,46,0,2
2877,47,0,2
2963,47,0,2
2966,47,0,2
3268,47,0,2
2804,48,0,2
2880,48,0,2
2960,48,0,2
3271,48,0,2
3274,48,0,2
2883,49,0,2
2885,49,0,2
2955,49,0,2
2958,49,0,2
3276,49,0,2
2888,50,0,2
2950,50,0,2
2952,50,0,2
3279,50,0,2
2803,51,0,2
2891,51,0,2
2893,51,0,2
2944,51,0,2
2947,51,0,2
3282,51,0,2
2896,52,0,2
2941,52,0,2
3285,52,0,2
2803,53,0,2
2899,53,0,2
2902,53,0,2
2904,53,0,2
2907,53,0,2
2910,53,0,2
2924,53,0,2
2927,53,0,2
2930,53,0,2
2933,53,0,2
2936,53,0,2
3288,53,0,2
2913,54,0,2
2915,54,0,2
2918,54,0,2
2921,54,0,2
3291,54,0,2
3293,54,0,2
3296,55,0,2
2802,56,0,2
3299,56,0,2
3302,57,0,2
2802,58,0,2
3305,58,0,2
3308,59,0,2
2801,61,0,2
3314,61,0,2
3317,62,0,2
2801,63,0,2
3320,63,0,2
3323,63,0,2
3326,64,0,2
2800,65,0,2
3329,65,0,2
3332,66,0,2
3335,67,0,2
2800,68,0,2
3338,68,0,2
3341,69,0,2
2799,70,0,2
3344,70,0,2
3347,71,0,2
3350,72,0,2
3353,72,0,2
2799,73,0,2
3355,73,0,2
3358,74,0,2
2799,75,0,2
3361,75,0,2
3364,76,0,2
3367,77,0,2
2798,78,0,2
3370,78,0,2
3372,79,0,2
3375,79,0,2
2798,80,0,2
3378,80,0,2
3383,82,0,2
2797,83,0,2
3386,83,0,2
3389,84,0,2
3391,84,0,2
3394,85,0,2
2797,86,0,2
3397,86,0,2
3399,87,0,2
3402,88,0,2
3404,89,0,2
3407,89,0,2
3409,90,0,2
2796,91,0,2
3412,91,0,2
3414,92,0,2
2795,93,0,2
3417,93,0,2
3419,94,0,2
3422,95,0,2
2795,96,0,2
3425,96,0,2
3427,97,0,2
3430,98,0,2
2795,99,0,2
3432,99,0,2
3435,100,0,2
2794,101,0,2
3438,101,0,2
3441,102,0,2
2794,104,0,2
3446,104,0,2
3449,105,0,2
3452,106,0,2
2793,107,0,2
3455,108,0,2
3457,109,0,2
2793,110,0,2
3460,110,0,2
3463,111,0,2
3465,112,0,2
2792,113,0,2
3468,114,0,2
3470,115,0,2
2792,116,0,2
3473,116,0,2
3475,117,0,2
2791,118,0,2
3478,119,0,2
3480,120,0,2
2791,121,0,2
3482,121,0,2
3485,122,0,2
2790,124,0,2
3487,124,0,2
3489,125,0,2
3492,126,0,2
2790,127,0,2
3494,128,0,2
3496,129,0,2
2789,130,0,2
3498,131,0,2
2789,133,0,2
3503,134,0,2
3505,135,0,2
2788,136,0,2
3507,137,0,2
3510,138,0,2
2788,139,0,2
3512,140,0,2
2787,142,0,2
3514,142,0,2
3517,144,0,2
2787,145,0,2
3519,145,0,2
3522,147,0,2
2786,148,0,2
3524,149,0,2
2786,150,0,2
3526,151,0,2
2785,153,0,2
3528,153,0,2
3531,155,0,2
3533,157,0,2
2784,159,0,2
3535,159,0,2
3537,161,0,2
2784,162,0,2
3539,163,0,2
2784,165,0,2
3541,165,0,2
2783,167,0,2
3543,167,0,2
3545,169,0,2
2783,170,0,2
3547,171,0,2
2782,173,0,2
3549,173,0,2
2782,175,0,2
3551,175,0,2
2781,178,0,2
3555,179,0,2
2781,181,0,2
3557,181,0,2
2780,183,0,2
3559,183,0,2
2780,186,0,2
3561,186,0,2
3563,188,0,2
2779,189,0,2
3565,190,0,2
2779,191,0,2
3567,193,0,2
2779,194,0,2
3569,195,0,2
2778,197,0,2
3570,197,0,2
2778,199,0,2
3572,200,0,2
2777,202,0,2
3574,202,0,2
2777,205,0,2
3576,205,0,2
2776,207,0,2
3577,207,0,2
3579,209,0,2
2776,210,0,2
3580,212,0,2
2776,213,0,2
3582,214,0,2
2775,215,0,2
3583,217,0,2
3585,219,0,2
2774,220,0,2
3586,221,0,2
2774,223,0,2
3200,223,1,0
3588,224,0,2
2773,226,0,2
3589,226,0,2
2773,228,0,2
3315,229,1,0
3591,229,0,2
2772,231,0,2
2772,233,0,2
3594,234,0,2
2772,236,0,2
3595,237,0,2
2771,238,0,2
3353,239,1,0
3597,240,0,2
2771,241,0,2
3598,242,0,2
2770,243,0,2
3599,245,0,2
2769,246,0,2
2769,248,0,2
3601,248,0,2
3390,250,1,0
2768,251,0,2
3602,251,0,2
2768,253,0,2
3603,254,0,2
2767,256,0,2
3605,256,0,2
2766,258,0,2
3606,259,0,2
3421,260,1,0
2766,261,0,2
3607,262,0,2
2765,264,0,2
3120,264,1,0
3608,265,0,2
2764,266,0,2
3609,268,0,2
2764,269,0,2
3266,270,1,0
2763,271,0,2
3611,271,0,2
2762,274,0,2
3612,274,0,2
2761,277,0,2
3613,277,0,2
3614,280,0,2
2759,282,0,2
3615,283,0,2
2758,285,0,2
3318,286,1,0
3616,286,0,2
2757,288,0,2
3617,289,0,2
2756,291,0,2
3619,292,0,2
2754,293,0,2
3620,295,0,2
1222,296,0,2
1225,296,0,2
1227,296,0,2
1230,296,0,2
1235,296,0,2
1237,296,0,2
1240,296,0,2
1242,296,0,2
1245,296,0,2
1247,296,0,2
1250,296,0,2
1252,296,0,2
1255,296,0,2
1258,296,0,2
2753,296,0,2
1212,297,0,2
1215,297,0,2
1217,297,0,2
1220,297,0,2
1260,297,0,2
1263,297,0,2
1265,297,0,2
1268,297,0,2
1205,298,0,2
1207,298,0,2
1210,298,0,2
1270,298,0,2
1273,298,0,2
3355,298,1,0
3621,298,0,2
1200,299,0,2
1203,299,0,2
1275,299,0,2
1278,299,0,2
1280,299,0,2
2752,299,0,2
1196,300,0,2
1198,300,0,2
1282,300,0,2
1192,301,0,2
1194,301,0,2
1285,301,0,2
1287,301,0,2
2751,301,0,2
1187,302,0,2
1189,302,0,2
1290,302,0,2
1292,302,0,2
1183,303,0,2
1185,303,0,2
1181,304,0,2
1297,304,0,2
1300,304,0,2
2749,304,0,2
3623,304,0,2
1177,305,0,2
1179,305,0,2
1302,305,0,2
1305,306,0,2
2748,306,0,2
1171,307,0,2
1173,307,0,2
1307,307,0,2
3623,307,0,2
1168,308,0,2
1310,308,0,2
1313,308,0,2
1166,309,0,2
1315,309,0,2
2746,309,0,2
3624,309,0,2
1164,310,0,2
1318,310,0,2
1162,311,0,2
1320,311,0,2
2745,311,0,2
1159,312,0,2
1323,312,0,2
3625,312,0,2
1157,313,0,2
1155,314,0,2
1326,314,0,2
2743,314,0,2
1152,315,0,2
1328,315,0,2
3626,315,0,2
1150,316,0,2
1331,316,0,2
2741,316,0,2
1148,317,0,2
1334,317,0,2
1146,318,0,2
1336,318,0,2
2740,318,0,2
3627,318,0,2
1143,319,0,2
1339,319,0,2
3628,320,0,2
1141,321,0,2
1341,321,0,2
2738,321,0,2
1139,322,0,2
1344,322,0,2
1137,323,0,2
1347,323,0,2
2736,323,0,2
3629,323,0,2
1134,324,0,2
1349,324,0,2
2734,325,0,2
1132,326,0,2
1352,326,0,2
3630,326,0,2
1130,327,0,2
1355,327,0,2
2733,327,0,2
1127,329,0,2
1357,329,0,2
2731,329,0,2
3630,329,0,2
1125,330,0,2
2729,331,0,2
3631,331,0,2
1123,332,0,2
1362,332,0,2
1120,333,0,2
1365,333,0,2
2727,333,0,2
3632,334,0,2
1368,335,0,2
2725,335,0,2
1370,336,0,2
1116,337,0,2
3633,337,0,2
3915,337,1,0
1113,338,0,2
1373,338,0,2
2721,339,0,2
3634,339,0,2
1111,340,0,2
1376,340,0,2
2719,340,0,2
1378,341,0,2
1109,342,0,2
2718,342,0,2
3634,342,0,2
1381,343,0,2
1106,344,0,2
1384,344,0,2
2716,344,0,2
3635,344,0,2
2714,345,0,2
1104,346,0,2
1386,346,0,2
2712,347,0,2
3636,347,0,2
1102,348,0,2
1389,348,0,2
2710,348,0,2
1391,349,0,2
1100,350,0,2
2708,350,0,2
3637,350,0,2
1394,351,0,2
2706,351,0,2
1097,352,0,2
2704,352,0,2
3638,352,0,2
1396,353,0,2
1095,354,0,2
1399,354,0,2
2702,354,0,2
2700,355,0,2
3638,355,0,2
1093,356,0,2
1401,356,0,2
2698,356,0,2
2696,357,0,2
1091,358,0,2
1403,358,0,2
3639,358,0,2
1406,359,0,2
2694,359,0,2
1089,360,0,2
2692,360,0,2
1408,361,0,2
2689,361,0,2
3640,361,0,2
1087,362,0,2
1410,362,0,2
2687,362,0,2
2685,363,0,2
1085,364,0,2
1413,364,0,2
2683,364,0,2
3641,364,0,2
2680,365,0,2
1415,366,0,2
2678,366,0,2
3941,366,1,0
1083,367,0,2
1417,367,0,2
2675,367,0,2
3642,367,0,2
1082,369,0,2
2670,369,0,2
2665,370,0,2
2668,370,0,2
1080,371,0,2
1422,371,0,2
2662,371,0,2
1424,372,0,2
2660,372,0,2
3644,372,0,2
1078,373,0,2
2654,373,0,2
2657,373,0,2
1426,374,0,2
2652,374,0,2
1076,375,0,2
1428,375,0,2
2646,375,0,2
2649,375,0,2
3645,375,0,2
2641,376,0,2
2644,376,0,2
1075,377,0,2
1431,377,0,2
2632,377,0,2
2635,377,0,2
2638,377,0,2
2624,378,0,2
2627,378,0,2
2629,378,0,2
3646,378,0,2
1433,379,0,2
2615,379,0,2
2618,379,0,2
2621,379,0,2
1073,380,0,2
1435,380,0,2
2603,380,0,2
2609,380,0,2
2612,380,0,2
2592,381,0,2
2595,381,0,2
2598,381,0,2
2601,381,0,2
3647,381,0,2
1071,382,0,2
1437,382,0,2
2578,382,0,2
2581,382,0,2
2584,382,0,2
2586,382,0,2
2589,382,0,2
1439,383,0,2
2564,383,0,2
2567,383,0,2
2570,383,0,2
2573,383,0,2
2575,383,0,2
2553,384,0,2
2556,384,0,2
2558,384,0,2
2561,384,0,2
3648,384,0,2
1442,385,0,2
2541,385,0,2
2544,385,0,2
2547,385,0,2
2550,385,0,2
2524,386,0,2
2527,386,0,2
2530,386,0,2
2533,386,0,2
2535,386,0,2
1068,387,0,2
1444,387,0,2
2509,387,0,2
2512,387,0,2
2515,387,0,2
2518,387,0,2
2521,387,0,2
3648,387,0,2
1446,388,0,2
2497,388,0,2
2500,388,0,2
2503,388,0,2
2506,388,0,2
3012,388,1,0
1066,389,0,2
2485,389,0,2
2488,389,0,2
2491,389,0,2
2494,389,0,2
1448,390,0,2
2472,390,0,2
2475,390,0,2
2478,390,0,2
2482,390,0,2
3649,390,0,2
1065,391,0,2
2457,391,0,2
2460,391,0,2
2466,391,0,2
2469,391,0,2
3667,391,1,0
1451,392,0,2
2442,392,0,2
2445,392,0,2
2448,392,0,2
2451,392,0,2
2454,392,0,2
1453,393,0,2
2431,393,0,2
2433,393,0,2
2436,393,0,2
2439,393,0,2
3650,393,0,2
1063,394,0,2
2417,394,0,2
2419,394,0,2
2422,394,0,2
2425,394,0,2
2428,394,0,2
1455,395,0,2
2403,395,0,2
2406,395,0,2
2408,395,0,2
2411,395,0,2
2414,395,0,2
1061,396,0,2
1457,396,0,2
2390,396,0,2
2392,396,0,2
2398,396,0,2
2400,396,0,2
3651,396,0,2
2376,397,0,2
2379,397,0,2
2381,397,0,2
2384,397,0,2
2387,397,0,2
1459,398,0,2
2362,398,0,2
2365,398,0,2
2368,398,0,2
2370,398,0,2
2373,398,0,2
1060,399,0,2
1461,399,0,2
2348,399,0,2
2351,399,0,2
2354,399,0,2
2357,399,0,2
2359,399,0,2
3652,399,0,2
2334,400,0,2
2337,400,0,2
2340,400,0,2
2343,400,0,2
2346,400,0,2
1058,401,0,2
1463,401,0,2
2320,401,0,2
2323,401,0,2
2329,401,0,2
2332,401,0,2
2306,402,0,2
2309,402,0,2
2312,402,0,2
2315,402,0,2
2318,402,0,2
3653,402,0,2
1466,403,0,2
2292,403,0,2
2295,403,0,2
2298,403,0,2
2300,403,0,2
2303,403,0,2
1057,404,0,2
1468,404,0,2
2281,404,0,2
2284,404,0,2
2287,404,0,2
2289,404,0,2
2265,405,0,2
2268,405,0,2
2271,405,0,2
2273,405,0,2
2276,405,0,2
2279,405,0,2
3654,405,0,2
1470,406,0,2
2252,406,0,2
2255,406,0,2
2257,406,0,2
2260,406,0,2
1055,407,0,2
2238,407,0,2
2241,407,0,2
2244,407,0,2
2247,407,0,2
2249,407,0,2
2224,408,0,2
2227,408,0,2
2230,408,0,2
2233,408,0,2
2236,408,0,2
3655,408,0,2
1054,409,0,2
1474,409,0,2
2210,409,0,2
2213,409,0,2
2216,409,0,2
2219,409,0,2
2221,409,0,2
1476,410,0,2
2196,410,0,2
2199,410,0,2
2202,410,0,2
2205,410,0,2
2208,410,0,2
2183,411,0,2
2185,411,0,2
2188,411,0,2
2194,411,0,2
3656,411,0,2
1052,412,0,2
1478,412,0,2
2169,412,0,2
2172,412,0,2
2175,412,0,2
2177,412,0,2
2180,412,0,2
2155,413,0,2
2158,413,0,2
2161,413,0,2
2164,413,0,2
2166,413,0,2
1480,414,0,2
2141,414,0,2
2144,414,0,2
2146,414,0,2
2149,414,0,2
2152,414,0,2
3657,414,0,2
1051,415,0,2
1483,415,0,2
2126,415,0,2
2129,415,0,2
2132,415,0,2
2135,415,0,2
2138,415,0,2
2114,416,0,2
2117,416,0,2
2120,416,0,2
3658,416,0,2
1050,417,0,2
1485,417,0,2
2102,417,0,2
2105,417,0,2
2108,417,0,2
2111,417,0,2
2087,418,0,2
2090,418,0,2
2093,418,0,2
2096,418,0,2
2099,418,0,2
1048,419,0,2
1487,419,0,2
2073,419,0,2
2076,419,0,2
2079,419,0,2
2081,419,0,2
2084,419,0,2
3659,419,0,2
1489,420,0,2
2061,420,0,2
2064,420,0,2
2067,420,0,2
2070,420,0,2
2047,421,0,2
2050,421,0,2
2056,421,0,2
2058,421,0,2
1047,422,0,2
1492,422,0,2
2038,422,0,2
2041,422,0,2
2044,422,0,2
3660,422,0,2
2028,423,0,2
2031,423,0,2
2034,423,0,2
1046,424,0,2
1494,424,0,2
2019,424,0,2
2022,424,0,2
2025,424,0,2
1497,425,0,2
2011,425,0,2
2014,425,0,2
2017,425,0,2
3661,425,0,2
2003,426,0,2
2006,426,0,2
2008,426,0,2
1045,427,0,2
1499,427,0,2
1995,427,0,2
1998,427,0,2
2000,427,0,2
1989,428,0,2
1992,428,0,2
3662,428,0,2
1044,429,0,2
1501,429,0,2
1981,429,0,2
1987,429,0,2
1504,430,0,2
1976,430,0,2
1978,430,0,2
3663,430,0,2
1968,431,0,2
1970,431,0,2
1973,431,0,2
1043,432,0,2
1506,432,0,2
1962,432,0,2
1965,432,0,2
1955,433,0,2
1957,433,0,2
1960,433,0,2
3664,433,0,2
1042,434,0,2
1509,434,0,2
1949,434,0,2
1952,434,0,2
1944,435,0,2
1947,435,0,2
1511,436,0,2
1936,436,0,2
1939,436,0,2
1941,436,0,2
3665,436,0,2
1040,437,0,2
1514,437,0,2
1928,437,0,2
1931,437,0,2
1934,437,0,2
1923,438,0,2
1925,438,0,2
3666,438,0,2
1039,439,0,2
1516,439,0,2
1920,439,0,2
1912,440,0,2
1914,440,0,2
3004,440,1,0
3636,440,1,0
1519,441,0,2
1903,441,0,2
1906,441,0,2
1909,441,0,2
1038,442,0,2
1521,442,0,2
1898,442,0,2
1900,442,0,2
1892,443,0,2
1895,443,0,2
3668,443,0,2
1037,444,0,2
1524,444,0,2
1884,444,0,2
1886,444,0,2
1889,444,0,2
1527,445,0,2
1878,445,0,2
1881,445,0,2
1873,446,0,2
1875,446,0,2
3668,446,0,2
1865,447,0,2
1867,447,0,2
1870,447,0,2
1532,448,0,2
1859,448,0,2
1862,448,0,2
3669,448,0,2
1035,449,0,2
1851,449,0,2
1854,449,0,2
1857,449,0,2
1534,450,0,2
1846,450,0,2
1537,451,0,2
1838,451,0,2
1841,451,0,2
1843,451,0,2
3670,451,0,2
1034,452,0,2
1832,452,0,2
1835,452,0,2
3676,452,1,0
1539,453,0,2
1827,453,0,2
1830,453,0,2
3671,453,0,2
1542,454,0,2
1819,454,0,2
1821,454,0,2
1824,454,0,2
1033,455,0,2
1544,455,0,2
1813,455,0,2
1816,455,0,2
3672,455,0,2
1547,456,0,2
1805,456,0,2
1808,456,0,2
1811,456,0,2
1549,457,0,2
1800,457,0,2
1802,457,0,2
3000,457,1,0
1032,458,0,2
1794,458,0,2
1797,458,0,2
3673,458,0,2
1551,459,0,2
1790,459,0,2
1792,459,0,2
1031,460,0,2
1554,460,0,2
1782,460,0,2
1787,460,0,2
3674,460,0,2
1556,461,0,2
1776,461,0,2
1777,461,0,2
1780,461,0,2
1559,462,0,2
1775,462,0,2
1030,463,0,2
1561,463,0,2
1773,463,0,2
3675,463,0,2
1563,464,0,2
1758,464,0,2
1761,464,0,2
1764,464,0,2
1767,464,0,2
1770,464,0,2
1566,465,0,2
1750,465,0,2
1752,465,0,2
1755,465,0,2
3676,465,0,2
1029,466,0,2
1568,466,0,2
1571,466,0,2
1744,466,0,2
1747,466,0,2
1573,467,0,2
1736,467,0,2
1739,467,0,2
1742,467,0,2
3677,467,0,2
1576,468,0,2
1731,468,0,2
1734,468,0,2
1028,469,0,2
1578,469,0,2
1723,469,0,2
1725,469,0,2
1728,469,0,2
1581,470,0,2
1583,470,0,2
1717,470,0,2
3678,470,0,2
1586,471,0,2
1709,471,0,2
1712,471,0,2
1715,471,0,2
1027,472,0,2
1588,472,0,2
1704,472,0,2
1707,472,0,2
3679,472,0,2
1594,473,0,2
1698,473,0,2
1701,473,0,2
1596,474,0,2
1599,474,0,2
1690,474,0,2
1693,474,0,2
1696,474,0,2
1026,475,0,2
1602,475,0,2
1604,475,0,2
1682,475,0,2
1685,475,0,2
1688,475,0,2
3680,475,0,2
1607,476,0,2
1610,476,0,2
1612,476,0,2
1672,476,0,2
1675,476,0,2
1677,476,0,2
1680,476,0,2
1025,477,0,2
1615,477,0,2
1618,477,0,2
1620,477,0,2
1662,477,0,2
1664,477,0,2
1667,477,0,2
1670,477,0,2
3681,477,0,2
1623,478,0,2
1625,478,0,2
1628,478,0,2
1631,478,0,2
1633,478,0,2
1636,478,0,2
1638,478,0,2
1641,478,0,2
1643,478,0,2
1646,478,0,2
1649,478,0,2
1651,478,0,2
1657,478,0,2
1659,478,0,2
3683,479,0,2
1024,480,0,2
3684,482,0,2
1023,483,0,2
3685,484,0,2
1022,486,0,2
3686,486,0,2
3687,488,0,2
3773,488,1,0
1021,489,0,2
2993,490,1,0
3688,491,0,2
1021,492,0,2
3689,493,0,2
1020,495,0,2
3691,497,0,2
1019,498,0,2
3692,500,0,2
1018,501,0,2
3694,502,0,2
1017,504,0,2
3695,504,0,2
1016,507,0,2
3696,507,0,2
3697,509,0,2
1015,510,0,2
3699,511,0,2
3832,512,1,0
1014,513,0,2
3822,513,1,0
3700,514,0,2
3032,515,1,0
3701,516,0,2
1013,519,0,2
3703,519,0,2
1012,521,0,2
3704,521,0,2
1011,524,0,2
3706,524,0,2
3707,526,0,2
1010,527,0,2
1010,529,0,2
3709,529,0,2
3710,531,0,2
1009,532,0,2
3712,534,0,2
1008,535,0,2
3713,536,0,2
1008,537,0,2
3715,539,0,2
1007,540,0,2
3717,541,0,2
1006,542,0,2
3718,544,0,2
1005,545,0,2
3720,546,0,2
1005,547,0,2
3722,549,0,2
1004,550,0,2
3724,551,0,2
1003,552,0,2
3846,552,1,0
3726,554,0,2
1003,555,0,2
1661,555,1,0
1002,558,0,2
3730,559,0,2
3887,559,1,0
1001,560,0,2
1682,560,1,0
3732,561,0,2
1000,563,0,2
3734,564,0,2
1000,565,0,2
3736,566,0,2
999,568,0,2
3738,569,0,2
998,571,0,2
3740,571,0,2
3742,573,0,2
997,574,0,2
3744,575,0,2
3022,577,1,0
3746,577,0,2
996,579,0,2
3748,579,0,2
995,582,0,2
3750,582,0,2
994,584,0,2
3752,584,0,2
3755,586,0,2
994,587,0,2
3757,588,0,2
993,590,0,2
3759,590,0,2
3761,592,0,2
992,593,0,2
3763,594,0,2
991,595,0,2
3766,596,0,2
991,598,0,2
3768,598,0,2
1408,600,1,0
3770,600,0,2
990,601,0,2
3772,602,0,2
989,603,0,2
3127,603,1,0
3775,604,0,2
988,606,0,2
3777,606,0,2
988,609,0,2
1604,609,1,0
3781,609,0,2
3783,611,0,2
987,612,0,2
3786,613,0,2
986,614,0,2
3788,614,0,2
3790,616,0,2
985,617,0,2
3792,617,0,2
985,619,0,2
1621,619,1,0
3794,619,0,2
984,621,0,2
3797,621,0,2
1377,622,1,0
3799,622,0,2
984,624,0,2
3801,624,0,2
983,625,0,2
3804,625,0,2
983,627,0,2
3102,627,1,0
3806,627,0,2
982,628,0,2
3808,628,0,2
982,629,0,2
982,630,0,2
3811,630,0,2
982,631,0,2
3813,631,0,2
982,632,0,8
982,633,0,96
3816,633,0,2
3818,634,0,2
3821,636,0,2
3823,637,0,2
3826,638,0,2
3828,640,0,2
3831,641,0,2
3833,642,0,2
3839,645,0,2
3841,646,0,2
3844,648,0,2
3847,649,0,2
3849,650,0,2
1343,651,1,0
3852,651,0,2
3855,652,0,2
1676,653,1,0
3857,653,0,2
3860,654,0,2
3863,655,0,2
3865,656,0,2
3868,657,0,2
3871,658,0,2
3873,659,0,2
3876,660,0,2
3879,661,0,2
3881,662,0,2
3884,663,0,2
3887,663,0,2
3889,664,0,2
3892,665,0,2
3894,666,0,2
3897,666,0,2
3900,667,0,2
3905,668,0,2
3907,669,0,2
3910,669,0,2
3913,670,0,2
3916,670,0,2
3918,671,0,2
3921,671,0,2
3924,672,0,2
3927,673,0,2
3930,673,0,2
3933,673,0,2
3936,674,0,2
3938,674,0,2
3941,675,0,2
3944,675,0,2
3947,675,0,2
4123,675,0,2
4126,675,0,2
4129,675,0,2
4132,675,0,2
4135,675,0,2
4138,675,0,2
4141,675,0,2
4144,675,0,2
4148,675,0,2
4151,675,0,2
4154,675,0,2
4157,675,0,2
4160,675,0,2
4163,675,0,2
4166,675,0,2
4169,675,0,2
4173,675,0,2
3950,676,0,2
3953,676,0,2
3955,676,0,2
4101,676,0,2
4107,676,0,2
4110,676,0,2
4113,676,0,2
4116,676,0,2
4119,676,0,2
4179,676,0,3
4182,676,0,2
4185,676,0,2
1710,677,1,0
3958,677,0,2
3961,677,0,2
3963,677,0,2
3966,677,0,2
4081,677,0,2
4084,677,0,2
4087,677,0,2
4089,677,0,2
4092,677,0,2
4095,677,0,2
4098,677,0,2
4188,677,0,2
4191,677,0,2
3971,678,0,2
3973,678,0,2
3976,678,0,2
3978,678,0,2
3980,678,0,2
3983,678,0,2
3985,678,0,2
4058,678,0,2
4061,678,0,2
4064,678,0,2
4067,678,0,2
4070,678,0,2
4073,678,0,2
4075,678,0,2
4078,678,0,2
4194,678,0,2
4197,678,0,2
4200,678,0,2
3988,679,0,2
3990,679,0,2
3992,679,0,2
3995,679,0,2
3997,679,0,2
4000,679,0,2
4002,679,0,2
4005,679,0,2
4008,679,0,2
4010,679,0,2
4013,679,0,2
4015,679,0,2
4018,679,0,2
4021,679,0,2
4023,679,0,2
4026,679,0,2
4029,679,0,2
4034,679,0,2
4037,679,0,2
4040,679,0,2
4043,679,0,2
4046,679,0,2
4049,679,0,2
4052,679,0,2
4055,679,0,2
4203,679,0,2
4206,680,0,2
4209,680,0,2
4212,681,0,2
4215,682,0,2
4221,683,0,2
4223,684,0,2
2937,685,1,0
4226,685,0,2
4229,686,0,2
4232,687,0,2
2876,688,1,0
4235,688,0,2
4237,689,0,2
2838,690,1,0
4240,690,0,2
4243,691,0,2
4245,692,0,2
2781,693,1,0
4248,693,0,2
4250,694,0,2
2742,695,1,0
4253,695,0,2
4255,696,0,2
4258,697,0,2
1740,698,1,0
4260,699,0,2
4263,700,0,2
4265,702,0,2
2870,703,1,0
4268,703,0,2
2825,705,1,0
4270,705,0,2
4273,706,0,2
2788,707,1,0
4276,708,0,2
2698,711,1,0
4281,711,0,2
4283,713,0,2
1388,714,1,0
2638,714,1,0
4286,715,0,2
2595,716,1,0
4288,716,0,2
4290,718,0,2
4293,720,0,2
4295,722,0,2
2482,723,1,0
4297,724,0,2
4299,726,0,2
4302,728,0,2
4304,730,0,2
1787,731,1,0
4306,732,0,2
4308,734,0,2
2515,735,1,0
4310,736,0,2
2470,738,1,0
4312,738,0,2
1277,740,1,0
4314,740,0,2
2406,742,1,0
4316,742,0,2
2387,744,1,0
4318,744,0,2
4320,746,0,2
1378,748,1,0
3909,748,1,0
4322,749,0,2
2321,750,1,0
4324,751,0,2
4326,753,0,2
1820,755,1,0
4328,755,0,2
2262,758,1,0
4330,758,0,2
4334,762,0,2
2221,765,1,0
4336,765,0,2
4338,767,0,2
4340,769,0,2
1372,770,1,0
2186,771,1,0
4342,772,0,2
4344,774,0,2
1259,776,1,0
4345,777,0,2
1857,779,1,0
4347,779,0,2
2126,781,1,0
4349,782,0,2
4078,785,1,0
4351,785,0,2
2276,786,1,0
3924,787,1,0
4353,787,0,2
4355,790,0,2
2235,792,1,0
4357,792,0,2
4359,795,0,2
4361,797,0,2
2199,799,1,0
4363,800,0,2
4364,802,0,2
4366,805,0,2
4368,807,0,2
1908,808,1,0
2140,809,1,0
4369,809,0,2
4108,811,1,0
4371,811,0,2
4373,814,0,2
2103,815,1,0
4374,816,0,2
4378,820,0,2
1940,822,1,0
4122,822,1,0
4379,822,0,2
3938,823,1,0
2051,824,1,0
4381,825,0,2
4383,827,0,2
1428,829,1,0
4384,829,0,2
2011,831,1,0
4386,832,0,2
4388,834,0,2
4389,836,0,2
1970,838,1,0
4391,839,0,2
2013,840,1,0
4393,841,0,2
1352,842,1,0
1935,843,1,0
4394,843,0,2
4156,845,1,0
4396,846,0,2
1856,848,1,0
1878,848,1,0
4398,848,0,2
4400,850,0,2
4402,853,0,2
4172,854,1,0
4403,855,0,2
1348,857,1,0
3954,858,1,0
4405,858,0,2
4407,860,0,2
4409,862,0,2
1348,863,3,0
1348,864,7,0
1347,865,1,0
1348,865,2,0
4410,865,0,2
1415,867,1,0
4412,867,0,2
4414,870,0,2
4416,872,0,2
4420,877,0,2
4422,880,0,2
1342,882,1,0
4228,882,1,0
4424,883,0,2
4425,885,0,2
4427,888,0,2
4429,891,0,2
4431,893,0,2
4433,896,0,2
4269,897,1,0
4435,899,0,2
1336,902,1,0
4437,902,0,2
4439,904,0,2
4441,907,0,2
4443,910,0,2
4117,912,1,0
4445,913,0,2
4447,916,0,2
4449,918,0,2
4452,921,0,2
4545,921,1,0
4177,923,1,0
4482,923,1,0
4401,924,1,0
4454,924,0,2
1329,925,1,0
4443,925,1,0
1398,926,1,0
4456,927,0,2
4232,928,1,0
4386,928,1,0
4253,929,1,0
4458,929,0,2
4306,930,1,0
4460,932,0,2
4462,935,0,2
4464,938,0,2
4468,943,0,2
4470,946,0,2
4472,949,0,2
4474,951,0,2
4476,954,0,2
4478,957,0,2
4480,960,0,2
4482,962,0,2
4536,964,1,0
4484,965,0,2
1318,967,1,0
4486,967,0,2
4487,970,0,2
4489,973,0,2
4491,975,0,2
4493,978,0,2
4495,980,0,2
4497,983,0,2
4499,985,0,2
4501,988,0,2
4574,988,1,0
4502,990,0,2
4504,993,0,2
4506,995,0,2
1310,996,1,0
4508,998,0,2
4510,1000,0,2
4513,1005,0,2
4515,1008,0,2
4517,1010,0,2
1305,1012,1,0
4519,1013,0,2
4521,1016,0,2
4523,1018,0,2
4525,1021,0,2
4527,1023,0,2
4528,1025,0,2
4530,1028,0,2
4532,1030,0,2
4534,1033,0,2
4535,1035,0,2
4537,1037,0,2
4539,1040,0,2
4541,1042,0,2
1297,1044,1,0
4542,1044,0,2
4634,1045,1,0
4544,1047,0,2
4546,1049,0,2
4548,1052,0,2
4549,1054,0,2
4551,1057,0,2
4553,1059,0,2
4557,1065,0,2
4559,1067,0,2
4561,1070,0,2
4563,1072,0,2
4565,1075,0,2
4567,1077,0,2
4569,1079,0,2
4571,1082,0,2
4573,1084,0,2
4575,1087,0,2
4577,1089,0,2
4579,1091,0,2
4581,1093,0,2
4584,1096,0,2
1281,1098,1,0
4586,1098,0,2
4588,1100,0,2
4590,1102,0,2
1245,1103,1,0
4593,1104,0,2
4595,1106,0,2
4597,1109,0,2
4599,1110,0,2
4685,1110,1,0
4602,1112,0,2
4604,1114,0,2
4609,1118,0,2
4611,1120,0,2
4613,1122,0,2
4616,1123,0,2
4618,1125,0,2
4621,1127,0,2
4623,1128,0,2
4626,1130,0,2
4628,1131,0,2
4631,1133,0,2
4633,1134,0,2
4636,1136,0,2
4638,1137,0,2
4641,1139,0,2
4644,1140,0,2
1244,1141,1,0
4646,1142,0,2
1269,1143,1,0
4649,1143,0,2
4709,1143,1,0
4651,1144,0,2
4654,1146,0,2
4657,1147,0,2
4659,1148,0,2
4662,1150,0,2
4667,1152,0,2
4670,1153,0,2
4672,1155,0,2
4675,1156,0,2
4677,1157,0,2
4680,1158,0,2
4682,1159,0,2
4685,1161,0,2
4687,1162,0,2
4690,1163,0,2
4692,1164,0,2
4694,1165,0,2
4697,1166,0,2
4699,1168,0,2
4702,1169,0,2
4704,1170,0,2
4707,1171,0,2
4709,1172,0,2
4712,1173,0,2
4714,1175,0,2
1241,1176,1,0
1262,1176,1,0
4717,1176,0,2
4719,1177,0,2
4725,1179,0,2
4727,1181,0,2
4730,1182,0,2
4732,1183,0,2
4735,1184,0,2
4737,1186,0,2
4740,1187,0,2
4743,1188,0,2
4745,1189,0,2
4748,1191,0,2
4745,1192,1,0
4750,1192,0,2
4753,1193,0,2
4755,1194,0,2
4758,1195,0,2
4761,1197,0,2
4763,1198,0,2
4766,1199,0,2
4769,1200,0,2
1241,1201,1,0
1240,1202,8,0
4771,1202,0,2
4774,1203,0,2
1240,1204,1,0
4776,1204,0,2
4779,1205,0,2
4784,1208,0,2
4786,1209,0,2
1256,1210,1,0
4789,1210,0,2
4791,1211,0,2
4794,1212,0,2
1238,1213,1,0
4796,1214,0,2
4799,1215,0,2
4802,1216,0,2
4805,1218,0,2
4807,1219,0,2
4810,1220,0,2
4813,1222,0,1
4816,1223,0,2
4768,1224,1,0
4819,1224,0,2
4821,1226,0,1
4824,1227,0,2
4827,1228,0,2
4830,1230,0,2
4833,1231,0,2
4836,1232,0,2
1236,1234,1,0
4841,1235,0,3
4844,1237,0,2
4847,1238,0,2
4850,1239,0,2
4853,1241,0,2
4856,1242,0,2
4858,1243,0,2
4861,1245,0,2
4864,1246,0,2
4867,1247,0,2
4870,1249,0,2
4873,1250,0,2
4878,1253,0,2
4881,1254,0,2
4884,1255,0,2
4887,1257,0,2
4889,1258,0,2
4892,1259,0,2
4895,1261,0,2
4898,1262,0,2
1232,1263,1,0
4901,1263,0,2
4903,1265,0,2
4906,1266,0,2
4909,1268,0,2
4912,1269,0,2
4914,1270,0,2
4917,1271,0,2
4920,1273,0,2
4923,1274,0,2
4926,1275,0,2
4928,1277,0,2
4931,1278,0,2
4934,1279,0,2
4937,1281,0,2
4942,1283,0,2
4945,1285,0,2
4948,1286,0,2
4951,1287,0,2
1248,1289,1,0
4953,1289,0,2
4956,1290,0,2
4959,1291,0,2
4961,1292,0,2
4964,1294,0,2
4966,1295,0,2
4969,1296,0,2
4972,1297,0,2
4974,1299,0,2
4977,1300,0,2
4980,1301,0,2
4982,1303,0,2
4985,1304,0,2
4988,1305,0,2
4990,1306,0,2
4993,1307,0,2
4995,1309,0,2
4998,1310,0,2
5000,1311,0,2
1222,1312,1,0
5003,1312,0,2
5008,1314,0,2
5010,1316,0,2
5012,1317,0,2
5015,1318,0,2
5017,1319,0,2
5020,1320,0,2
5022,1322,0,2
5025,1323,0,2
5028,1324,0,2
5030,1325,0,2
5033,1327,0,2
5036,1328,0,2
5038,1329,0,2
5041,1331,0,2
5044,1332,0,2
5046,1333,0,2
5049,1334,0,2
5052,1336,0,2
5054,1337,0,2
5057,1338,0,2
5060,1339,0,2
5062,1341,0,2
5065,1342,0,2
1214,1343,1,0
5070,1344,0,2
5073,1346,0,2
5075,1347,0,2
5078,1348,0,2
5080,1349,0,2
5083,1350,0,2
5085,1351,0,2
5088,1353,0,2
5090,1354,0,2
5092,1355,0,2
5095,1356,0,2
5097,1357,0,2
5099,1358,0,2
5101,1359,0,2
5104,1360,0,2
5106,1361,0,2
5108,1363,0,2
5111,1364,0,2
5113,1365,0,2
5115,1366,0,2
5117,1367,0,2
5120,1368,0,2
5122,1369,0,2
5126,1372,0,2
5128,1373,0,2
5130,1374,0,2
5132,1375,0,2
5134,1376,0,2
5136,1377,0,2
5138,1378,0,2
5140,1380,0,2
5141,1381,0,2
5143,1382,0,2
5145,1383,0,2
5147,1384,0,2
5149,1385,0,2
5150,1387,0,2
5152,1388,0,2
5154,1389,0,2
5155,1390,0,2
5157,1391,0,2
5159,1393,0,2
5160,1394,0,2
5162,1395,0,2
5163,1396,0,2
5165,1398,0,2
5167,1399,0,2
5170,1402,0,2
5172,1403,0,2
5173,1404,0,2
5175,1406,0,2
5177,1407,0,2
5179,1409,0,2
5180,1411,0,2
5182,1412,0,2
5184,1414,0,2
5186,1416,0,2
5187,1417,0,2
5189,1419,0,2
5191,1421,0,2
5193,1422,0,2
5195,1424,0,2
5197,1426,0,2
5198,1428,0,2
5200,1430,0,2
5202,1431,0,2
5204,1433,0,2
5206,1435,0,2
5208,1437,0,2
5212,1441,0,2
5214,1443,0,2
5216,1444,0,2
5217,1446,0,2
5219,1448,0,2
5221,1450,0,2
5223,1452,0,2
5225,1454,0,2
5227,1456,0,2
5229,1458,0,2
5231,1460,0,2
5234,1462,0,2
5236,1464,0,2
5238,1466,0,2
5240,1468,0,2
5242,1470,0,2
5244,1472,0,2
5246,1474,0,2
5248,1476,0,2
5250,1478,0,2
5253,1480,0,2
998,1482,1,0
5255,1482,0,2
5257,1484,0,2
5261,1489,0,2
5263,1491,0,2
5265,1493,0,2
5268,1495,0,2
5270,1497,0,2
5272,1499,0,2
5274,1501,0,2
1147,1503,1,0
5276,1503,0,2
5278,1505,0,2
5280,1507,0,2
5282,1509,0,2
979,1511,1,0
5284,1511,0,2
5286,1513,0,2
5288,1515,0,2
5290,1517,0,2
5292,1519,0,2
5294,1521,0,2
5296,1523,0,2
5298,1524,0,2
5300,1526,0,2
5302,1528,0,2
5304,1530,0,2
1130,1532,1,0
5306,1532,0,2
5310,1536,0,2
5265,1537,1,0
5312,1538,0,2
5314,1539,0,2
5316,1541,0,2
1149,1542,1,0
5318,1543,0,2
5320,1545,0,2
5322,1547,0,2
5324,1549,0,2
5325,1551,0,2
5327,1553,0,2
5329,1554,0,2
5331,1556,0,2
5333,1558,0,2
5335,1560,0,2
5337,1562,0,2
5339,1564,0,2
5341,1566,0,2
5343,1567,0,2
5345,1569,0,2
5347,1571,0,2
5348,1573,0,2
1103,1575,1,0
5350,1575,0,2
5352,1577,0,2
5356,1580,0,2
5358,1582,0,2
5360,1584,0,2
5362,1586,0,2
5364,1588,0,2
5366,1590,0,2
5368,1592,0,2
5370,1594,0,2
5372,1596,0,2
5374,1598,0,2
5376,1600,0,2
5378,1602,0,2
1083,1604,1,0
5380,1604,0,2
5382,1606,0,2
5384,1608,0,2
5386,1609,0,2
5388,1611,0,2
5390,1613,0,2
5392,1615,0,2
5394,1617,0,2
1098,1618,1,0
5395,1618,0,2
5397,1620,0,2
5399,1622,0,2
5402,1625,0,2
5404,1627,0,2
5406,1629,0,2
5408,1630,0,2
5410,1632,0,2
5411,1634,0,2
5413,1636,0,2
5415,1637,0,2
5417,1639,0,2
5419,1641,0,2
5421,1643,0,2
5423,1645,0,2
5425,1646,0,2
5426,1648,0,2
1053,1649,1,0
1077,1650,1,0
5428,1650,0,2
5430,1652,0,2
5432,1654,0,2
5434,1655,0,2
5436,1657,0,2
5438,1659,0,2
5439,1661,0,2
5441,1663,0,2
5445,1666,0,2
5447,1668,0,2
5449,1670,0,2
5450,1671,0,2
5452,1673,0,2
5454,1675,0,2
5456,1677,0,2
5458,1678,0,2
5459,1680,0,2
5461,1682,0,2
1030,1683,1,0
5463,1684,0,2
5465,1685,0,2
5467,1687,0,2
5468,1689,0,2
5470,1691,0,2
5472,1692,0,2
5474,1694,0,2
5476,1696,0,2
1046,1697,1,0
5478,1698,0,2
5480,1699,0,2
5481,1701,0,2
5483,1703,0,2
5485,1705,0,2
5487,1707,0,2
5491,1710,0,2
5493,1712,0,2
5494,1714,0,2
5496,1716,0,2
5498,1718,0,2
5500,1719,0,2
5502,1721,0,2
5504,1723,0,2
1027,1724,1,0
5506,1725,0,2
5508,1727,0,2
5509,1728,0,2
5511,1730,0,2
5513,1732,0,2
5515,1734,0,2
5517,1736,0,2
5519,1737,0,2
5520,1739,0,2
5522,1741,0,2
5524,1742,0,2
5526,1744,0,2
5527,1746,0,2
5529,1748,0,2
5531,1749,0,2
5535,1753,0,2
1006,1755,1,0
5537,1755,0,2
5539,1757,0,2
5541,1759,0,2
5543,1761,0,2
5545,1763,0,2
5547,1764,0,2
5549,1766,0,2
5550,1768,0,2
5552,1770,0,2
5554,1771,0,2
5555,1773,0,2
5557,1774,0,2
5559,1776,0,2
5560,1777,0,2
5562,1779,0,2
5563,1780,0,2
5565,1782,0,2
5566,1783,0,2
5568,1785,0,2
5569,1786,0,2
5571,1788,0,2
983,1789,1,0
5572,1789,0,2
5575,1792,0,2
5577,1794,0,2
5579,1795,0,2
5580,1797,0,2
5582,1798,0,2
5583,1800,0,2
5585,1801,0,2
5586,1803,0,2
5588,1804,0,2
5589,1806,0,2
5591,1807,0,2
5592,1809,0,2
5594,1810,0,2
5595,1811,0,2
5597,1813,0,2
5598,1814,0,2
5600,1816,0,2
5601,1817,0,2
5603,1819,0,2
5605,1820,0,2
5606,1822,0,2
5608,1823,0,2
5609,1825,0,2
5613,1828,0,2
5614,1829,0,2
5616,1831,0,2
5618,1833,0,2
5661,1833,1,0
5619,1834,0,2
950,1836,1,0
5621,1836,0,2
5623,1838,0,2
5625,1840,0,2
5627,1842,0,2
5629,1843,0,2
5631,1845,0,2
5632,1847,0,2
734,1849,1,0
5634,1849,0,2
5636,1851,0,2
5638,1853,0,2
5640,1854,0,2
5642,1856,0,2
5644,1858,0,2
5645,1860,0,2
5647,1862,0,2
928,1863,1,0
5649,1863,0,2
5651,1865,0,2
5653,1867,0,2
5655,1869,0,2
5658,1872,0,2
5660,1874,0,2
5704,1874,1,0
5662,1876,0,2
5664,1878,0,2
715,1879,1,0
5666,1880,0,2
5668,1882,0,2
5670,1883,0,2
5672,1885,0,2
5674,1887,0,2
5676,1889,0,2
5678,1891,0,2
5679,1893,0,2
5681,1894,0,2
5683,1896,0,2
5685,1898,0,2
5687,1900,0,2
885,1901,1,0
5689,1902,0,2
5691,1904,0,2
5693,1906,0,2
5695,1908,0,2
5697,1910,0,2
5699,1912,0,2
5701,1914,0,2
5705,1918,0,2
5707,1920,0,2
850,1922,1,0
5709,1922,0,2
5711,1923,0,2
5713,1925,0,2
5715,1927,0,2
5717,1929,0,2
5719,1931,0,2
5721,1933,0,2
5723,1935,0,2
813,1937,1,0
5724,1937,0,2
5726,1939,0,2
5728,1941,0,2
5730,1943,0,2
5732,1945,0,2
5734,1947,0,2
5736,1949,0,2
5737,1951,0,2
5739,1954,0,2
756,1956,1,0
5741,1956,0,2
5743,1958,0,2
5744,1960,0,2
738,1962,1,0
5748,1965,0,2
5749,1967,0,2
5611,1970,1,0
5751,1970,0,2
5752,1972,0,2
5754,1974,0,2
5755,1976,0,2
5757,1979,0,2
5882,1980,1,0
5758,1981,0,2
5759,1983,0,2
5761,1986,0,2
5762,1988,0,2
5763,1990,0,2
5764,1993,0,2
5637,1995,1,0
5765,1995,0,2
5767,1998,0,2
5768,2000,0,2
830,2003,1,0
5769,2003,0,2
5770,2005,0,2
5771,2008,0,2
5772,2010,0,2
5773,2013,0,2
5774,2016,0,2
5775,2018,0,2
5923,2018,1,0
5775,2021,0,2
5777,2026,0,2
5933,2027,1,0
5778,2029,0,2
788,2032,1,0
5778,2032,0,2
5779,2034,0,2
5780,2037,0,2
5946,2039,1,0
5780,2040,0,2
5781,2043,0,2
775,2044,1,0
5781,2045,0,2
5782,2048,0,2
5782,2051,0,2
5783,2053,0,2
5783,2056,0,2
5783,2059,0,2
5967,2059,1,0
5783,2062,0,2
5784,2064,0,2
5784,2067,0,2
5784,2070,0,2
5784,2073,0,2
5784,2075,0,2
5784,2078,0,2
5784,2081,0,2
5784,2083,0,2
5784,2086,0,2
6000,2090,1,0
5784,2091,0,2
5784,2094,0,2
5784,2096,0,2
5784,2099,0,2
5783,2101,0,2
5783,2104,0,2
5783,2106,0,2
5783,2109,0,2
5783,2111,0,2
5782,2114,0,2
5782,2116,0,2
5833,2117,1,0
5782,2119,0,2
5781,2121,0,2
5781,2124,0,2
5781,2126,0,2
5780,2129,0,2
5780,2131,0,2
5780,2133,0,2
5779,2136,0,2
5779,2138,0,2
5779,2140,0,2
5779,2142,0,2
5778,2144,0,2
5778,2148,0,2
5777,2150,0,2
5777,2152,0,2
5777,2154,0,2
5873,2155,1,0
5777,2156,0,2
5776,2159,0,2
5776,2161,0,2
5776,2163,0,2
5775,2165,0,2
5775,2167,0,2
5885,2167,1,0
5775,2170,0,2
5774,2172,0,2
5774,2174,0,2
5774,2177,0,2
5773,2179,0,2
5773,2181,0,2
5773,2184,0,2
5772,2186,0,2
5772,2189,0,2
5771,2191,0,2
5771,2194,0,2
5771,2196,0,2
5770,2198,0,2
5770,2201,0,2
5769,2205,0,2
5926,2205,1,0
5769,2207,0,2
6106,2207,1,0
5769,2210,0,2
5768,2212,0,2
5768,2214,0,2
5768,2216,0,2
5768,2218,0,2
5767,2221,0,2
5767,2223,0,2
5767,2225,0,2
5766,2227,0,2
5766,2230,0,2
5766,2232,0,2
5955,2232,1,0
539,2233,1,0
5765,2234,0,2
5765,2237,0,2
5765,2239,0,2
5764,2241,0,2
5764,2244,0,2
5764,2246,0,2
5763,2249,0,2
5763,2251,0,2
5763,2254,0,2
5762,2259,0,2
5762,2261,0,2
5761,2264,0,2
5761,2267,0,2
5761,2269,0,2
5760,2272,0,2
5998,2273,1,0
5760,2274,0,2
535,2277,1,0
5760,2277,0,2
5760,2280,0,2
5759,2282,0,2
6113,2283,1,0
5759,2285,0,2
5759,2287,0,2
5759,2290,0,2
5759,2292,0,2
5758,2295,0,2
5758,2298,0,2
5758,2300,0,2
6026,2302,1,0
5758,2303,0,2
5758,2305,0,2
5758,2308,0,2
5758,2310,0,2
5758,2313,0,2
5758,2316,0,2
6111,2317,1,0
5758,2321,0,2
5758,2323,0,2
5758,2326,0,2
5758,2328,0,2
5758,2331,0,2
6050,2331,1,0
5758,2333,0,2
5758,2336,0,2
573,2338,1,0
5758,2338,0,2
6109,2339,1,0
5758,2340,0,2
5758,2343,0,2
527,2345,1,0
5758,2345,0,2
5758,2348,0,2
5758,2350,0,2
5758,2352,0,2
5758,2355,0,2
5759,2357,0,2
564,2360,1,0
5759,2360,0,2
5759,2362,0,2
6072,2364,1,0
5759,2365,0,2
5759,2367,0,2
5759,2370,0,2
6105,2371,1,0
5760,2373,0,2
5760,2375,0,2
5760,2381,0,2
519,2382,1,0
5761,2383,0,2
5761,2386,0,2
5761,2389,0,2
5761,2392,0,2
5761,2394,0,2
5762,2397,0,2
5762,2400,0,2
5762,2402,0,2
5763,2405,0,2
5763,2408,0,2
5763,2410,0,2
5763,2413,0,2
6095,2413,1,0
5763,2416,0,2
6099,2416,1,0
5764,2419,0,2
506,2420,1,0
5764,2421,0,2
5764,2424,0,2
5764,2427,0,2
5765,2429,0,2
5765,2432,0,2
5765,2434,0,2
5765,2437,0,2
5766,2439,0,2
5766,2442,0,2
5766,2447,0,2
5766,2449,0,2
5767,2451,0,2
5767,2454,0,2
5767,2456,0,2
490,2457,1,0
5767,2459,0,2
5767,2461,0,2
5768,2463,0,2
5768,2465,0,2
5768,2468,0,2
5768,2470,0,2
5768,2472,0,2
5769,2474,0,2
5769,2477,0,2
5769,2479,0,2
5769,2481,0,2
5769,2483,0,2
5769,2486,0,2
6089,2487,1,0
5769,2488,0,2
5769,2490,0,2
5769,2493,0,1
5769,2495,0,1
5770,2502,0,2
463,2504,1,0
5770,2504,0,2
5770,2506,0,2
5771,2509,0,2
5771,2511,0,2
5771,2514,0,2
5771,2516,0,2
5771,2519,0,2
5771,2521,0,2
5771,2524,0,2
5771,2526,0,2
5771,2529,0,2
5771,2531,0,2
5771,2534,0,2
444,2536,1,0
5771,2536,0,2
6082,2536,1,0
5772,2539,0,2
5772,2541,0,2
5772,2544,0,2
5772,2546,0,2
5772,2549,0,2
5772,2551,0,2
5772,2556,0,2
5772,2559,0,2
5772,2561,0,2
5772,2563,0,2
5772,2566,0,2
5772,2568,0,2
6078,2568,1,0
5772,2571,0,2
423,2572,1,0
5772,2573,0,2
5772,2576,0,2
5771,2578,0,2
5771,2580,0,2
6079,2582,1,0
5771,2583,0,2
5771,2585,0,2
5771,2588,0,2
5771,2590,0,2
5771,2592,0,2
5771,2595,0,2
5771,2597,0,2
5771,2600,0,2
5771,2602,0,2
5771,2605,0,2
402,2607,1,0
5771,2607,0,2
6073,2607,1,0
5771,2609,0,2
5962,2611,1,0
5823,2612,1,0
5927,2613,1,0
5771,2614,0,2
5771,2617,0,2
5870,2617,1,0
6082,2617,1,0
5771,2619,0,2
5829,2620,1,0
5771,2621,0,2
5789,2623,1,0
5771,2624,0,2
5771,2626,0,2
5771,2628,0,2
5771,2631,0,2
5771,2633,0,2
5640,2634,1,0
5771,2635,0,2
5771,2637,0,2
5723,2639,1,0
5771,2640,0,2
5771,2642,0,2
5679,2643,1,0
5771,2644,0,2
5644,2645,1,0
5771,2646,0,2
5603,2648,1,0
5771,2648,0,2
5771,2651,0,2
5771,2653,0,2
5770,2655,0,2
373,2657,1,0
5770,2658,0,2
5770,2660,0,2
5770,2662,0,2
6070,2663,1,0
5770,2667,0,2
5360,2668,1,0
5770,2670,0,2
364,2672,1,0
5321,2672,1,0
5770,2672,0,2
5273,2673,1,0
5229,2674,1,0
5252,2674,1,0
5770,2674,0,2
5182,2675,1,0
5193,2675,1,0
5142,2677,1,0
5158,2677,1,0
5770,2677,0,2
223,2678,1,0
5108,2679,1,0
5770,2679,0,2
5770,2682,0,2
5770,2684,0,2
5770,2687,0,2
5770,2689,0,2
5770,2692,0,2
5770,2694,0,2
5770,2696,0,2
5770,2699,0,2
5034,2700,1,0
5770,2701,0,2
5770,2704,0,2
345,2705,1,0
5770,2706,0,2
5770,2708,0,2
5770,2711,0,2
5769,2713,0,2
5769,2715,0,2
5017,2716,1,0
6070,2716,1,0
5769,2718,0,2
5769,2720,0,2
5769,2723,0,2
5769,2728,0,2
5769,2730,0,2
5768,2733,0,2
5768,2735,0,2
326,2736,1,0
5768,2738,0,2
5768,2740,0,2
5767,2743,0,2
5767,2745,0,2
5767,2748,0,2
4993,2750,1,0
5767,2750,0,2
5767,2753,0,2
6073,2753,1,0
6089,2754,1,0
5766,2755,0,2
5766,2758,0,2
5766,2760,0,2
5765,2763,0,2
5765,2765,0,2
5765,2767,0,2
5764,2770,0,2
6091,2770,1,0
5764,2772,0,2
5764,2775,0,2
4982,2777,1,0
5764,2777,0,2
5763,2779,0,2
5763,2784,0,2
5763,2787,0,2
6075,2788,1,0
5762,2789,0,2
5762,2792,0,2
5762,2794,0,2
5761,2796,0,2
5761,2799,0,2
183,2801,1,0
5761,2801,0,2
6092,2801,1,0
5760,2804,0,2
5760,2806,0,2
5760,2808,0,2
5760,2811,0,2
5759,2813,0,2
5759,2815,0,2
6092,2817,1,0
5759,2818,0,2
5759,2820,0,2
5758,2822,0,2
4979,2824,1,0
5758,2825,0,2
6093,2826,1,0
5758,2827,0,2
5758,2829,0,2
5758,2832,0,2
5757,2834,0,2
5757,2837,0,2
176,2839,1,0
5757,2842,0,2
5756,2845,0,2
4461,2848,0,8
4462,2848,0,4
5756,2848,0,2
4461,2849,0,34
4463,2849,0,4
4461,2850,0,4
4462,2850,0,4
4463,2850,0,2
4462,2851,0,6
4463,2851,0,2
5756,2851,0,2
4462,2852,0,6
4463,2852,0,2
4462,2853,0,4
4463,2853,0,2
5755,2853,0,2
4462,2854,0,2
4462,2855,0,4
4463,2855,0,2
4462,2856,0,2
4463,2856,0,2
5755,2856,0,2
4462,2857,0,2
4463,2857,0,2
4462,2858,0,2
4463,2858,0,2
5755,2858,0,2
4463,2859,0,2
4462,2860,0,2
4463,2860,0,2
4462,2861,0,2
4463,2861,0,2
5754,2861,0,2
4463,2862,0,2
4463,2863,0,4
4463,2864,0,4
5754,2864,0,2
4463,2865,0,4
4463,2866,0,2
5754,2866,0,2
6092,2866,1,0
4463,2867,0,4
6093,2867,1,0
4463,2868,0,2
4464,2868,0,2
4463,2869,0,2
4464,2869,0,2
5753,2869,0,2
172,2870,1,0
4463,2870,0,2
4464,2870,0,2
4464,2871,0,2
5753,2871,0,2
4463,2872,0,2
4464,2872,0,2
4463,2873,0,2
4464,2873,0,2
4463,2874,0,2
5753,2874,0,2
4463,2875,0,2
4464,2875,0,2
4463,2876,0,2
4464,2876,0,2
5752,2876,0,2
4464,2877,0,2
4463,2878,0,2
4464,2878,0,2
4463,2879,0,2
5752,2879,0,2
4463,2880,0,2
4463,2881,0,2
4464,2881,0,2
5752,2881,0,2
4463,2882,0,2
4464,2882,0,2
4463,2883,0,2
4464,2883,0,2
5751,2883,0,2
4463,2884,0,2
4464,2884,0,2
4463,2885,0,2
4463,2886,0,2
4464,2886,0,2
5751,2886,0,2
4463,2887,0,2
4464,2887,0,2
5750,2888,0,2
4463,2889,0,2
4464,2889,0,2
4463,2890,0,2
4464,2890,0,2
4463,2891,0,2
4464,2891,0,6
5750,2891,0,2
4463,2892,0,4
4463,2893,0,2
5749,2893,0,2
4463,2894,0,2
4463,2895,0,2
4464,2895,0,2
5748,2895,0,2
4463,2896,0,4
4463,2897,0,6
4464,2897,0,2
5746,2897,0,2
4462,2898,0,2
4463,2898,0,8
4464,2898,0,2
6092,2898,1,0
4461,2899,0,68
4462,2899,0,132
4464,2899,0,2
5745,2899,0,2
4464,2901,0,2
4464,2902,0,2
4464,2903,0,2
5743,2903,0,2
4464,2905,0,2
5741,2905,0,2
4464,2906,0,2
5740,2907,0,2
6092,2907,1,0
5738,2908,0,2
4464,2909,0,2
4464,2910,0,2
5736,2910,0,2
4464,2911,0,2
5735,2911,0,2
4464,2912,0,2
4464,2913,0,2
5733,2913,0,2
4464,2914,0,2
5731,2914,0,2
4464,2915,0,2
5729,2916,0,2
4465,2917,0,2
5727,2917,0,2
4465,2918,0,2
5726,2918,0,2
4465,2919,0,2
4984,2920,1,0
5724,2920,0,2
4465,2921,0,2
5722,2921,0,2
4465,2922,0,2
5720,2922,0,2
5718,2923,0,2
4465,2924,0,2
4465,2925,0,2
5717,2925,0,2
5715,2926,0,2
4465,2927,0,2
5713,2927,0,2
4465,2929,0,2
5712,2929,0,2
4465,2930,0,2
5710,2930,0,2
5708,2931,0,2
4465,2932,0,2
5707,2932,0,2
4465,2933,0,2
5705,2933,0,2
5703,2934,0,2
4465,2935,0,2
4985,2935,1,0
4465,2936,0,2
5700,2936,0,2
4465,2937,0,2
5698,2937,0,2
5694,2938,0,2
5696,2938,0,2
4465,2939,0,2
4983,2939,1,0
5692,2939,0,2
5687,2940,0,2
5689,2940,0,2
5690,2940,0,2
4465,2941,0,2
5675,2941,0,2
5677,2941,0,2
5679,2941,0,2
5681,2941,0,2
5683,2941,0,2
5685,2941,0,2
4465,2942,0,2
5583,2942,0,2
5586,2942,0,2
5588,2942,0,2
5590,2942,0,2
5593,2942,0,2
5595,2942,0,2
5597,2942,0,2
5602,2942,0,2
5604,2942,0,2
5606,2942,0,2
5609,2942,0,2
5611,2942,0,2
5613,2942,0,2
5615,2942,0,2
5617,2942,0,2
5619,2942,0,2
5621,2942,0,2
5624,2942,0,2
5626,2942,0,2
5628,2942,0,2
5630,2942,0,2
5632,2942,0,2
5635,2942,0,2
5637,2942,0,2
5639,2942,0,2
5642,2942,0,2
5644,2942,0,2
5647,2942,0,2
5649,2942,0,2
5651,2942,0,2
5656,2942,0,2
5658,2942,0,2
5660,2942,0,2
5662,2942,0,2
5664,2942,0,2
5667,2942,0,2
5669,2942,0,2
5671,2942,0,2
5673,2942,0,2
4465,2943,0,4
5393,2943,0,2
5396,2943,0,2
5398,2943,0,2
5401,2943,0,2
5406,2943,0,2
5409,2943,0,2
5412,2943,0,2
5423,2943,0,2
5425,2943,0,2
5428,2943,0,2
5431,2943,0,2
5434,2943,0,2
5436,2943,0,2
5439,2943,0,2
5442,2943,0,2
5445,2943,0,2
5448,2943,0,2
5451,2943,0,2
5454,2943,0,2
5457,2943,0,2
5460,2943,0,2
5462,2943,0,2
5465,2943,0,2
5468,2943,0,2
5474,2943,0,2
5477,2943,0,2
5480,2943,0,2
5483,2943,0,2
5486,2943,0,2
5489,2943,0,2
5492,2943,0,2
5494,2943,0,2
5497,2943,0,2
5500,2943,0,2
5503,2943,0,2
5506,2943,0,2
5509,2943,0,2
5512,2943,0,2
5515,2943,0,2
5517,2943,0,2
5520,2943,0,2
5523,2943,0,2
5526,2943,0,2
5528,2943,0,2
5531,2943,0,2
5534,2943,0,2
5536,2943,0,2
5542,2943,0,2
5544,2943,0,2
5547,2943,0,2
5549,2943,0,2
5552,2943,0,2
5555,2943,0,2
5557,2943,0,2
5559,2943,0,2
5562,2943,0,2
5564,2943,0,2
5567,2943,0,2
5569,2943,0,2
5572,2943,0,2
5574,2943,0,2
5576,2943,0,2
5579,2943,0,2
5581,2943,0,2
4465,2944,0,6
4761,2944,0,2
4763,2944,0,2
4765,2944,0,2
4767,2944,0,2
4795,2944,0,2
4798,2944,0,2
4800,2944,0,2
4801,2944,0,2
4803,2944,0,2
4805,2944,0,2
4806,2944,0,2
4807,2944,0,2
4808,2944,0,2
4809,2944,0,2
4810,2944,0,10
4811,2944,0,46
4812,2944,0,2
4813,2944,0,4
4814,2944,0,2
4816,2944,0,2
4817,2944,0,2
4819,2944,0,2
4820,2944,0,2
4822,2944,0,2
4823,2944,0,2
4824,2944,0,2
4825,2944,0,2
4827,2944,0,2
4828,2944,0,2
4829,2944,0,2
4831,2944,0,2
4832,2944,0,2
4833,2944,0,2
4834,2944,0,2
4836,2944,0,2
4837,2944,0,2
4838,2944,0,2
4840,2944,0,2
4841,2944,0,2
4842,2944,0,2
4844,2944,0,2
4845,2944,0,2
4847,2944,0,2
4848,2944,0,2
4852,2944,0,2
4854,2944,0,2
4856,2944,0,2
4858,2944,0,2
4860,2944,0,2
4862,2944,0,2
4865,2944,0,2
4867,2944,0,2
4870,2944,0,2
4872,2944,0,2
4875,2944,0,2
4877,2944,0,2
4880,2944,0,2
4882,2944,0,2
4885,2944,0,2
4888,2944,0,2
4891,2944,0,2
4893,2944,0,2
4896,2944,0,2
4899,2944,0,2
4902,2944,0,2
4904,2944,0,2
4907,2944,0,2
4909,2944,0,2
4915,2944,0,2
4917,2944,0,2
4920,2944,0,2
4923,2944,0,2
4925,2944,0,2
4928,2944,0,2
4931,2944,0,2
4933,2944,0,2
4936,2944,0,2
4938,2944,0,2
4941,2944,0,2
4943,2944,0,2
4946,2944,0,2
4949,2944,0,2
4951,2944,0,2
4954,2944,0,2
4956,2944,0,2
4959,2944,0,2
5170,2944,0,2
5172,2944,0,2
5174,2944,0,2
5176,2944,0,2
5178,2944,0,2
5180,2944,0,2
5182,2944,0,2
5184,2944,0,2
5186,2944,0,2
5189,2944,0,2
5191,2944,0,2
5193,2944,0,2
5195,2944,0,2
5197,2944,0,2
5200,2944,0,2
5202,2944,0,2
5204,2944,0,2
5206,2944,0,2
5209,2944,0,2
5211,2944,0,2
5214,2944,0,2
5216,2944,0,2
5218,2944,0,2
5224,2944,0,2
5226,2944,0,2
5229,2944,0,2
5231,2944,0,2
5234,2944,0,2
5237,2944,0,2
5239,2944,0,2
5242,2944,0,2
5244,2944,0,2
5247,2944,0,2
5250,2944,0,2
5252,2944,0,2
5255,2944,0,2
5257,2944,0,2
5260,2944,0,2
5262,2944,0,2
5265,2944,0,2
5267,2944,0,2
5270,2944,0,2
5272,2944,0,2
5275,2944,0,2
5277,2944,0,2
5279,2944,0,2
5282,2944,0,2
5287,2944,0,2
5289,2944,0,2
5291,2944,0,2
5294,2944,0,2
5296,2944,0,2
5299,2944,0,2
5301,2944,0,2
5303,2944,0,2
5305,2944,0,2
5307,2944,0,2
5310,2944,0,2
5312,2944,0,2
5314,2944,0,2
5316,2944,0,2
5319,2944,0,2
5321,2944,0,2
5324,2944,0,2
5326,2944,0,2
5328,2944,0,2
5331,2944,0,2
5333,2944,0,2
5335,2944,0,2
5338,2944,0,2
5343,2944,0,2
5345,2944,0,2
5348,2944,0,2
5350,2944,0,2
5353,2944,0,2
5355,2944,0,2
5358,2944,0,2
5360,2944,0,2
5363,2944,0,2
5365,2944,0,2
5368,2944,0,2
5370,2944,0,2
5373,2944,0,2
5375,2944,0,2
5378,2944,0,2
5380,2944,0,2
5383,2944,0,2
5385,2944,0,2
5388,2944,0,2
5391,2944,0,2
5414,2944,0,2
5417,2944,0,2
5420,2944,0,2
4465,2945,0,4
4466,2945,0,2
4527,2945,0,2
4528,2945,0,2
4530,2945,0,2
4532,2945,0,2
4534,2945,0,2
4536,2945,0,2
4538,2945,0,2
4540,2945,0,2
4542,2945,0,2
4543,2945,0,2
4545,2945,0,2
4546,2945,0,2
4547,2945,0,2
4548,2945,0,2
4549,2945,0,2
4550,2945,0,2
4551,2945,0,2
4552,2945,0,2
4554,2945,0,2
4555,2945,0,2
4556,2945,0,2
4558,2945,0,2
4559,2945,0,2
4561,2945,0,2
4564,2945,0,2
4566,2945,0,2
4568,2945,0,2
4570,2945,0,2
4572,2945,0,2
4574,2945,0,2
4576,2945,0,2
4578,2945,0,2
4580,2945,0,2
4582,2945,0,2
4585,2945,0,2
4587,2945,0,2
4589,2945,0,2
4592,2945,0,2
4594,2945,0,2
4596,2945,0,2
4599,2945,0,2
4601,2945,0,2
4603,2945,0,2
4606,2945,0,2
4608,2945,0,2
4610,2945,0,2
4613,2945,0,2
4618,2945,0,2
4620,2945,0,2
4622,2945,0,2
4625,2945,0,2
4627,2945,0,2
4629,2945,0,2
4631,2945,0,2
4633,2945,0,2
4635,2945,0,2
4637,2945,0,2
4639,2945,0,2
4641,2945,0,2
4643,2945,0,2
4645,2945,0,2
4647,2945,0,2
4649,2945,0,2
4651,2945,0,2
4653,2945,0,2
4654,2945,0,2
4656,2945,0,2
4658,2945,0,2
4660,2945,0,2
4662,2945,0,2
4665,2945,0,2
4667,2945,0,2
4668,2945,0,2
4670,2945,0,2
4672,2945,0,2
4673,2945,0,2
4675,2945,0,2
4677,2945,0,2
4678,2945,0,2
4680,2945,0,2
4682,2945,0,2
4684,2945,0,2
4686,2945,0,2
4688,2945,0,2
4690,2945,0,2
4692,2945,0,2
4694,2945,0,2
4696,2945,0,2
4698,2945,0,2
4700,2945,0,2
4703,2945,0,2
4705,2945,0,2
4707,2945,0,2
4710,2945,0,2
4712,2945,0,2
4714,2945,0,2
4716,2945,0,2
4717,2945,0,2
4719,2945,0,2
4720,2945,0,2
4722,2945,0,2
4724,2945,0,2
4725,2945,0,2
4727,2945,0,2
4729,2945,0,2
4731,2945,0,2
4733,2945,0,2
4735,2945,0,2
4737,2945,0,2
4739,2945,0,2
4741,2945,0,2
4743,2945,0,2
4745,2945,0,2
4747,2945,0,2
4748,2945,0,2
4750,2945,0,2
4752,2945,0,2
4753,2945,0,2
4754,2945,0,2
4755,2945,0,2
4757,2945,0,2
4758,2945,0,2
4759,2945,0,2
4760,2945,0,2
4764,2945,0,2
4768,2945,0,2
4769,2945,0,2
4770,2945,0,2
4772,2945,0,2
4773,2945,0,2
4775,2945,0,2
4777,2945,0,2
4779,2945,0,2
4781,2945,0,2
4783,2945,0,2
4788,2945,0,2
4790,2945,0,2
4793,2945,0,2
4962,2945,0,2
4965,2945,0,2
4967,2945,0,2
4970,2945,0,2
4973,2945,0,2
4975,2945,0,2
4981,2945,0,2
4984,2945,0,2
4987,2945,0,2
4990,2945,0,2
4993,2945,0,2
4996,2945,0,2
4999,2945,0,2
5002,2945,0,2
5005,2945,0,2
5008,2945,0,2
5011,2945,0,2
5014,2945,0,2
5017,2945,0,2
5020,2945,0,2
5023,2945,0,2
5026,2945,0,2
5029,2945,0,2
5031,2945,0,2
5034,2945,0,2
5037,2945,0,2
5039,2945,0,2
5042,2945,0,2
5045,2945,0,2
5050,2945,0,2
5053,2945,0,2
5055,2945,0,2
5058,2945,0,2
5061,2945,0,2
5063,2945,0,2
5066,2945,0,2
5068,2945,0,2
5071,2945,0,2
5073,2945,0,2
5076,2945,0,2
5078,2945,0,2
5081,2945,0,2
5083,2945,0,2
5086,2945,0,2
5088,2945,0,2
5091,2945,0,2
5093,2945,0,2
5096,2945,0,2
5098,2945,0,2
5100,2945,0,2
5103,2945,0,2
5105,2945,0,2
5108,2945,0,2
5113,2945,0,2
5115,2945,0,2
5118,2945,0,2
5120,2945,0,2
5123,2945,0,2
5125,2945,0,2
5127,2945,0,2
5130,2945,0,2
5132,2945,0,2
5135,2945,0,2
5137,2945,0,2
5139,2945,0,2
5141,2945,0,2
5144,2945,0,2
5146,2945,0,2
5148,2945,0,2
5150,2945,0,2
5152,2945,0,2
5155,2945,0,2
5157,2945,0,2
5159,2945,0,2
5161,2945,0,2
5163,2945,0,2
5167,2945,0,2
4466,2946,0,6
4474,2946,0,2
4475,2946,0,2
4477,2946,0,2
4478,2946,0,2
4482,2946,0,2
4483,2946,0,2
4485,2946,0,2
4487,2946,0,2
4488,2946,0,2
4490,2946,0,2
4492,2946,0,2
4494,2946,0,2
4495,2946,0,2
4497,2946,0,2
4499,2946,0,2
4501,2946,0,2
4502,2946,0,2
4504,2946,0,2
4506,2946,0,2
4508,2946,0,2
4510,2946,0,2
4512,2946,0,2
4513,2946,0,2
4515,2946,0,2
4517,2946,0,2
4519,2946,0,2
4521,2946,0,2
4523,2946,0,2
6082,2946,1,0
4467,2947,0,2
4468,2947,0,4
4469,2947,0,2
4470,2947,0,2
4471,2947,0,2
4473,2947,0,2
6091,2949,1,0
227,2961,1,0
6080,2962,1,0
6092,2963,1,0
4987,2966,1,0
4981,2969,1,0
6073,2987,1,0
4988,2990,1,0
239,2995,1,0
6091,2999,1,0
6075,3020,1,0
4980,3027,1,0
4988,3029,1,0
252,3036,1,0
6091,3052,1,0
6067,3056,1,0
4987,3059,1,0
6072,3062,1,0
4980,3064,1,0
4865,3070,2,0
6090,3070,1,0
4868,3078,1,0
4868,3092,1,0
4986,3093,1,0
6068,3100,1,0
4868,3105,1,0
6060,3109,1,0
197,3120,1,0
4868,3121,1,0
4982,3121,1,0
4986,3125,1,0
6087,3129,1,0
6053,3141,1,0
4685,3149,3,0
4686,3149,7,0
4685,3150,2,0
4868,3150,1,0
4870,3151,1,0
4872,3151,2,0
4869,3152,2,0
4871,3152,1,0
4872,3152,2,0
4873,3152,4,0
4869,3153,1,0
4986,3153,1,0
4867,3154,5,0
4868,3154,4,0
4869,3154,6,0
4866,3155,1,0
4867,3155,4,0
4868,3155,2,0
4869,3155,2,0
4868,3156,2,0
4869,3156,4,0
4870,3156,2,0
4982,3160,1,0
6062,3165,1,0
4868,3177,1,0
4870,3198,1,0
4982,3198,1,0
6057,3211,1,0
5976,3214,1,0
4870,3218,1,0
5938,3225,1,0
5910,3226,1,0
5831,3229,1,0
5860,3229,1,0
4718,3230,1,0
4756,3230,1,0
4768,3230,1,0
4833,3230,1,0
5849,3230,1,0
5890,3230,1,0
4858,3231,1,0
4872,3231,1,0
4891,3231,1,0
4926,3232,1,0
4942,3232,1,0
4982,3233,1,0
4986,3233,1,0
5062,3233,1,0
5063,3233,1,0
5002,3234,1,0
5023,3234,1,0
5063,3234,1,0
5069,3234,1,0
5030,3235,1,0
5064,3235,1,0
5085,3235,1,0
5093,3235,1,0
5105,3235,1,0
5615,3235,1,0
5616,3235,1,0
5154,3236,1,0
5542,3236,1,0
5579,3236,1,0
5581,3236,1,0
5138,3237,1,0
5173,3237,1,0
5480,3237,1,0
5512,3237,1,0
4982,3238,1,0
5209,3238,1,0
5266,3238,1,0
5304,3238,1,0
5466,3238,1,0
5383,3239,1,0
5419,3239,1,0
5345,3240,1,0
5385,3240,1,0
5410,3240,1,0
6051,3258,1,0
4982,3295,1,0
264,3300,1,0
4982,3301,1,0
4982,3321,1,0
6040,3326,1,0
263,3334,1,0
5999,3355,1,0
4982,3361,1,0
6034,3369,1,0
262,3381,1,0
4982,3386,1,0
262,3412,1,0
6027,3412,1,0
5988,3420,1,0
262,3444,1,0
261,3449,1,0
4982,3451,1,0
4982,3452,1,0
262,3462,1,0
4982,3472,1,0
261,3480,1,0
5975,3510,1,0
6011,3515,1,0
4981,3518,1,0
254,3519,1,0
250,3532,1,0
261,3534,1,0
4982,3556,1,0
249,3558,1,0
262,3558,1,0
249,3571,1,0
249,3578,2,0
249,3585,1,0
260,3593,1,0
5964,3593,1,0
4982,3596,1,0
262,3610,1,0
5962,3614,1,0
4982,3632,1,0
4982,3645,1,0
250,3647,1,0
261,3647,1,0
260,3650,1,0
4980,3660,1,0
276,3661,1,0
5956,3671,1,0
268,3672,1,0
4982,3693,1,0
260,3694,1,0
252,3701,1,0
271,3706,1,0
279,3706,1,0
260,3707,1,0
4981,3710,1,0
281,3712,1,0
4981,3716,1,0
5952,3720,1,0
261,3727,1,0
4980,3729,1,0
254,3742,1,0
284,3743,1,0
4977,3752,1,0
5935,3756,1,0
276,3759,1,0
254,3762,1,0
283,3762,1,0
261,3765,1,0
5948,3767,1,0
5947,3774,1,0
4979,3780,1,0
5935,3782,1,0
5947,3789,1,0
279,3795,1,0
5946,3800,1,0
4980,3807,1,0
258,3810,1,0
5945,3811,1,0
5934,3812,1,0
267,3815,1,0
265,3818,1,0
301,3825,1,0
5944,3834,1,0
5944,3844,1,0
314,3847,1,0
4981,3863,1,0
270,3869,1,0
5930,3873,1,0
273,3874,1,0
264,3877,1,0
272,3890,1,0
283,3892,1,0
523,3892,1,0
391,3893,1,0
523,3893,1,0
523,3894,1,0
420,3895,1,0
481,3896,1,0
522,3896,1,0
531,3896,1,0
424,3897,1,0
510,3897,1,0
520,3897,1,0
539,3898,1,0
553,3898,1,0
582,3898,1,0
5929,3900,1,0
291,3905,1,0
4982,3910,1,0
542,3913,1,0
5928,3923,1,0
603,3932,1,0
604,3932,2,0
603,3933,2,0
559,3934,1,0
567,3934,1,0
577,3934,1,0
602,3934,1,0
601,3935,2,0
584,3936,1,0
588,3937,1,0
597,3937,1,0
600,3937,2,0
284,3938,1,0
292,3940,1,0
542,3942,1,0
558,3942,1,0
5927,3942,1,0
544,3948,1,0
548,3949,1,0
556,3949,1,0
4982,3953,1,0
5926,3968,1,0
5925,3981,1,0
285,3983,1,0
5923,3993,1,0
292,3999,1,0
5923,4004,1,0
4982,4013,1,0
5922,4018,1,0
284,4025,1,0
5922,4031,1,0
5910,4037,1,0
291,4041,1,0
4983,4043,1,0
5922,4045,1,0
278,4047,1,0
4982,4047,1,0
5909,4056,1,0
4983,4067,1,0
4982,4070,1,0
5909,4070,1,0
5921,4072,1,0
5908,4083,1,0
278,4085,1,0
290,4085,1,0
5920,4091,1,0
282,4100,1,0
5907,4101,1,0
5906,4117,1,0
5919,4121,1,0
289,4128,1,0
5906,4131,1,0
4983,4133,1,0
5905,4135,1,0
281,4142,1,0
276,4148,1,0
5904,4151,1,0
289,4154,1,0
5904,4158,1,0
5917,4160,1,0
4982,4170,1,0
5902,4178,1,0
5916,4179,1,0
280,4190,1,0
288,4191,1,0
275,4194,1,0
4983,4197,1,0
5915,4197,1,0
283,4207,1,0
5913,4215,1,0
5897,4218,1,0
5913,4222,1,0
4983,4230,1,0
5894,4233,1,0
4983,4239,1,0
5912,4240,1,0
5893,4242,1,0
5891,4251,1,0
279,4252,1,0
5911,4257,1,0
5888,4261,1,0
282,4262,1,0
286,4262,1,0
5911,4270,1,0
5882,4284,1,0
4983,4288,1,0
276,4295,1,0
5878,4297,1,0
284,4301,1,0
5877,4301,1,0
5869,4323,1,0
280,4329,1,0
288,4338,1,0
5861,4341,1,0
287,4367,1,0
5848,4370,1,0
297,4378,1,0
4983,4391,1,0
299,4405,1,0
5823,4415,1,0
4979,4417,1,0
4983,4433,1,0
400,4436,1,0
5822,4436,1,0
319,4437,1,0
5995,4441,1,0
5816,4447,1,0
4975,4454,1,0
324,4462,1,0
5973,4472,1,0
4983,4475,1,0
337,4477,1,0
406,4478,1,0
340,4496,1,0
5789,4496,1,0
4969,4497,1,0
5952,4500,1,0
5783,4509,1,0
355,4511,1,0
406,4519,1,0
413,4525,1,0
359,4536,1,0
408,4538,1,0
4983,4539,1,0
5767,4544,1,0
5918,4545,1,0
5142,4559,1,0
420,4572,1,0
4983,4572,1,0
379,4574,1,0
5893,4578,1,0
379,4597,1,0
417,4598,1,0
5745,4600,1,0
5127,4603,1,0
5872,4608,1,0
5118,4622,1,0
422,4636,1,0
430,4639,1,0
436,4683,1,0
430,4694,1,0
5073,4700,1,0
440,4711,1,0
436,4733,1,0
443,4734,1,0
5043,4740,1,0
483,4763,1,0
442,4771,1,0
1691,4774,1,0
1695,4775,1,0
1698,4775,1,0
1681,4776,1,0
1719,4777,1,0
1744,4780,1,0
1752,4786,1,0
1750,4796,1,0
1670,4799,1,0
4977,4808,1,0
1665,4809,1,0
1745,4816,1,0
1742,4825,1,0
449,4826,1,0
1740,4827,8,0
1741,4828,4,0
1741,4829,3,0
1740,4834,1,0
486,4840,1,0
1738,4842,1,0
4835,4843,1,0
4831,4847,1,0
4928,4850,1,0
460,4851,1,0
496,4853,1,0
5567,4856,1,0
1739,4860,1,0
489,4864,1,0
456,4874,1,0
1738,4878,1,0
4893,4880,1,0
1737,4889,13,0
1738,4889,11,0
1735,4890,6,0
1736,4890,1,0
1737,4890,18,0
1738,4890,3,0
1739,4890,1,0
1736,4891,7,0
1737,4891,15,0
1738,4891,8,0
1739,4891,5,0
1736,4892,5,0
1737,4892,2,0
1738,4892,10,0
1739,4892,5,0
1736,4893,2,0
1737,4893,1,0
1738,4893,3,0
1739,4893,3,0
467,4894,1,0
1623,4894,1,0
1736,4894,1,0
1737,4894,6,0
1736,4895,8,0
1737,4895,1,0
1622,4896,2,0
1737,4896,1,0
1621,4897,1,0
1622,4897,1,0
1737,4897,1,0
1738,4897,2,0
1620,4904,1,0
4761,4906,1,0
5542,4909,1,0
1739,4911,1,0
497,4915,1,0
1739,4924,1,0
1739,4928,3,0
1740,4929,1,0
4733,4929,1,0
1620,4930,1,0
4727,4934,1,0
5717,4936,1,0
4719,4941,1,0
473,4942,1,0
1618,4942,1,0
466,4943,1,0
4713,4945,1,0
1739,4955,1,0
4695,4961,1,0
1739,4974,1,0
4679,4974,1,0
514,4975,1,0
4670,4981,1,0
507,4986,1,0
480,4989,1,0
4659,4991,1,0
1738,4995,1,0
1651,5001,1,0
1670,5002,1,0
1672,5002,2,0
1674,5002,1,0
1683,5002,1,0
1702,5004,1,0
1703,5005,1,0
1720,5005,1,0
1733,5005,1,0
1703,5006,2,0
1708,5006,1,0
1741,5006,1,0
1748,5006,1,0
1751,5006,1,0
1757,5006,1,0
4641,5006,1,0
1728,5007,1,0
1747,5007,1,0
1764,5007,1,0
1782,5007,1,0
1790,5007,1,0
1795,5007,1,0
1777,5008,1,0
1781,5008,1,0
1776,5009,1,0
1791,5009,1,0
1811,5009,3,0
1795,5010,1,0
1818,5010,1,0
1811,5011,1,0
1812,5011,1,0
1834,5011,1,0
1859,5013,1,0
5675,5014,1,0
4630,5015,1,0
520,5016,1,0
1868,5020,1,0
4619,5024,1,0
513,5028,1,0
4606,5035,1,0
5657,5045,1,0
4582,5055,1,0
4565,5070,1,0
5638,5076,1,0
520,5080,1,0
529,5082,1,0
4541,5091,1,0
5621,5104,1,0
4501,5125,1,0
534,5129,1,0
527,5134,1,0
4358,5161,1,0
5434,5163,1,0
2047,5171,1,0
2124,5171,1,0
2135,5171,1,0
2065,5172,1,0
2160,5172,1,0
2204,5172,1,0
2080,5173,1,0
2232,5173,1,0
2255,5174,1,0
2296,5175,1,0
539,5176,1,0
2097,5176,1,0
4441,5177,1,0
2132,5178,1,0
2151,5178,1,0
5576,5178,1,0
2177,5179,1,0
2183,5179,1,0
5425,5179,1,0
2186,5180,1,0
531,5181,1,0
2255,5181,1,0
2260,5182,1,0
2307,5183,1,0
2324,5184,1,0
2400,5187,1,0
2419,5188,1,0
2462,5191,1,0
4298,5197,1,0
2467,5204,1,0
2525,5207,1,0
539,5208,1,0
5558,5208,1,0
2606,5211,1,0
4586,5214,1,0
2704,5217,1,0
2768,5221,1,0
2793,5222,1,0
2755,5227,1,0
2870,5227,1,0
2799,5230,1,0
2841,5233,1,0
2877,5235,1,0
4554,5242,1,0
5384,5243,1,0
544,5244,1,0
3069,5247,1,0
2983,5249,1,0
3128,5250,1,0
5532,5251,1,0
3073,5254,1,0
3098,5255,1,0
537,5259,1,0
5374,5259,1,0
3197,5261,1,0
539,5263,1,0
3235,5263,1,0
3270,5265,1,0
3298,5268,1,0
3424,5271,1,0
4156,5271,1,0
3293,5272,1,0
3383,5273,1,0
3332,5274,1,0
3398,5276,1,0
5516,5276,1,0
3423,5277,1,0
3528,5282,1,0
3572,5283,1,0
546,5284,1,0
540,5285,1,0
3637,5285,1,0
4303,5288,1,0
5352,5295,1,0
3998,5296,1,0
4263,5300,1,0
3854,5301,1,0
3897,5302,1,0
3963,5303,1,0
4008,5303,1,0
4046,5304,1,0
4119,5305,1,0
4480,5305,1,0
4158,5306,1,0
5498,5306,1,0
547,5329,1,0
544,5330,1,0
5320,5346,1,0
547,5349,1,0
4427,5350,1,0
5467,5356,1,0
553,5377,1,0
4394,5379,1,0
568,5421,1,0
581,5430,1,0
5260,5433,1,0
588,5457,1,0
409,5458,1,0
5412,5483,1,0
443,5499,1,0
5401,5499,1,0
449,5513,1,0
880,5516,1,0
468,5520,1,0
879,5523,1,0
5378,5529,1,0
5188,5535,1,0
927,5537,1,0
502,5543,1,0
491,5544,1,0
943,5551,1,0
995,5556,1,0
548,5563,1,0
992,5563,1,0
536,5566,1,0
1109,5567,1,0
5348,5569,1,0
1004,5570,1,0
1035,5570,1,0
1149,5570,1,0
1069,5574,1,0
1103,5575,1,0
1121,5577,1,0
1007,5578,1,0
1148,5578,1,0
578,5581,1,0
1165,5581,1,0
618,5585,1,0
1129,5586,1,0
5149,5587,1,0
1213,5588,1,0
1176,5590,1,0
5332,5590,1,0
661,5596,1,0
1217,5598,1,0
5141,5598,1,0
648,5600,1,0
711,5608,1,0
1276,5612,1,0
700,5613,1,0
5310,5616,1,0
5124,5620,1,0
1278,5621,1,0
746,5625,1,0
5301,5625,1,0
784,5626,1,0
5298,5628,2,0
5299,5628,20,0
5300,5628,8,0
805,5632,1,0
1311,5633,1,0
820,5645,1,0
688,5654,1,0
1326,5656,1,0
5084,5672,1,0
1353,5673,1,0
755,5689,1,0
5071,5690,1,0
751,5696,1,0
779,5704,1,0
1374,5704,1,0
792,5720,1,0
1374,5720,1,0
5039,5731,1,0
1392,5739,1,0
841,5741,1,0
5030,5743,1,0
832,5744,1,0
1390,5755,1,0
5205,5760,1,0
1406,5773,1,0
4999,5784,1,0
1407,5795,1,0
1422,5808,1,0
4975,5815,1,0
1431,5822,1,0
1435,5844,1,0
3358,5849,1,0
3355,5854,1,0
1267,5869,1,0
3357,5869,1,0
1282,5873,1,0
3354,5876,1,0
2091,5877,1,0
2076,5882,1,0
4377,5883,1,0
2121,5890,1,0
1296,5892,1,0
2193,5894,1,0
4336,5899,1,0
1331,5902,1,0
2229,5902,1,0
2195,5904,1,0
3178,5904,1,0
3354,5904,1,0
3351,5906,1,0
1346,5908,1,0
2266,5911,1,0
3186,5914,1,0
4297,5914,1,0
5080,5916,1,0
1346,5917,1,0
2248,5918,1,0
1402,5922,1,0
2118,5924,1,0
1382,5926,1,0
3190,5928,1,0
4262,5929,1,0
1462,5931,1,0
1415,5932,1,0
5059,5934,1,0
1509,5937,1,0
1472,5940,1,0
1552,5943,1,0
2189,5946,1,0
1515,5947,1,0
1601,5950,1,0
3204,5951,1,0
3329,5952,1,0
3331,5953,1,0
2153,5954,1,0
2211,5954,1,0
3222,5958,1,0
5025,5958,1,0
1671,5959,1,0
3215,5961,1,0
3218,5962,2,0
2174,5963,1,0
3212,5963,1,0
3218,5963,3,0
3216,5964,1,0
3218,5964,16,0
3219,5964,15,0
3216,5965,1,0
3218,5965,4,0
3219,5965,33,0
3220,5965,4,0
1718,5966,1,0
3218,5966,4,0
4156,5972,1,0
3255,5973,1,0
3302,5976,1,0
4990,5976,1,0
1596,5978,1,0
3282,5980,1,0
1637,5984,1,0
2291,5985,1,0
1682,5989,1,0
4293,5989,1,0
3267,5990,1,0
2206,5992,1,0
3269,5992,1,0
4950,5992,1,0
1722,5994,1,0
3326,5994,1,0
4261,5999,1,0
1778,6001,1,0
2328,6001,1,0
1711,6002,1,0
4917,6002,1,0
3339,6004,1,0
1733,6005,1,0
4227,6008,1,0
1822,6009,1,0
3232,6009,1,0
4563,6010,1,0
4577,6011,1,0
4585,6011,1,0
4599,6011,1,0
4607,6011,1,0
4617,6011,1,0
4649,6011,1,0
4865,6011,1,0
4684,6012,1,0
4722,6012,1,0
4731,6012,1,0
4735,6012,1,0
4790,6013,1,0
4829,6013,1,0
3220,6015,1,0
1809,6016,1,0
4180,6017,1,0
1863,6020,1,0
4143,6021,1,0
4108,6023,1,0
4055,6025,1,0
4019,6026,1,0
3357,6027,1,0
2392,6028,1,0
3979,6028,1,0
1865,6029,1,0
3940,6030,1,0
2197,6031,1,0
3993,6031,1,0
3970,6032,1,0
3840,6034,1,0
3907,6035,1,0
3821,6038,1,0
3799,6039,1,0
3750,6041,1,0
3711,6042,1,0
2432,6043,1,0
3190,6046,1,0
3191,6048,1,0
2448,6049,1,0
1963,6052,1,0
3290,6055,1,0
3357,6055,1,0
2972,6057,1,0
2992,6057,1,0
3183,6057,1,0
3296,6057,1,0
3334,6057,1,0
3382,6057,1,0
3082,6058,1,0
3126,6058,1,0
3248,6058,1,0
2846,6059,1,0
2909,6060,1,0
2956,6060,1,0
3006,6060,1,0
2603,6061,1,0
2643,6061,1,0
2700,6061,1,0
2740,6061,1,0
3076,6061,1,0
3118,6061,1,0
2453,6062,1,0
2518,6062,1,0
1998,6063,1,0
2409,6063,1,0
3051,6065,1,0
3100,6065,1,0
1983,6066,1,0
2765,6066,1,0
2808,6066,1,0
2858,6066,1,0
3143,6066,1,0
2733,6067,1,0
2931,6067,1,0
2974,6067,1,0
3177,6067,1,0
3021,6068,1,0
3088,6068,1,0
3155,6068,1,0
3226,6069,1,0
2169,6077,1,0
4508,6078,1,0
3253,6081,1,0
2690,6083,1,0
3174,6083,1,0
1868,6085,1,0
1847,6087,1,0
4475,6092,1,0
1912,6094,1,0
3359,6094,1,0
1897,6099,1,0
2161,6101,1,0
1957,6102,1,0
2850,6104,1,0
3273,6106,1,0
2018,6111,1,0
1973,6112,1,0
4423,6112,1,0
2970,6116,1,0
2052,6117,1,0
3340,6118,1,0
4405,6119,1,0
2023,6120,1,0
3172,6123,1,0
2154,6127,1,0
2807,6130,1,0
3310,6131,1,0
2795,6136,1,0
2785,6141,1,0
2146,6154,1,0
2753,6163,1,0
2140,6169,1,0
2136,6181,1,0
2736,6188,1,0
2132,6194,1,0
2129,6203,1,0
2719,6216,1,0
2700,6247,1,0
2558,6248,1,0
2523,6260,1,0
2544,6265,1,0
2299,6272,1,0
2530,6286,1,0
2511,6288,1,0
2293,6305,1,0
2517,6307,1,0
2499,6311,1,0
2130,6323,1,0
2488,6325,2,0
2489,6325,3,0
2507,6325,1,0
2488,6326,15,0
2487,6329,1,0
2159,6333,1,0
2480,6342,1,0
2499,6343,1,0
2512,6343,1,0
2526,6343,1,0
2437,6345,1,0
2489,6345,1,0
2556,6346,1,0
2422,6347,1,0
2410,6348,1,0
2532,6350,1,0
2542,6350,1,0
2570,6350,1,0
2574,6350,1,0
2581,6350,1,0
2582,6350,1,0
2590,6350,1,0
2522,6351,1,0
2542,6351,2,0
2543,6351,1,0
2544,6351,1,0
2547,6351,1,0
2581,6353,1,0
2412,6354,1,0
2479,6354,1,0
2168,6355,1,0
2587,6355,1,0
2311,6356,1,0
2340,6356,1,0
2268,6358,1,0
2486,6359,1,0
2174,6360,1,0
2176,6360,2,0
2178,6360,1,0
2179,6360,3,0
2180,6360,1,0
2242,6360,1,0
2192,6361,1,0
2219,6361,1,0
2611,6363,1,0
2629,6369,1,0
2480,6370,1,0
2613,6370,1,0
2606,6381,1,0
2594,6400,1,0
2608,6402,1,0
2577,6428,1,0
2541,6471,1,0
2566,6479,1,0
2467,6735,1,0
