3200,223,1,0
3315,229,1,0
3353,239,1,0
3390,250,1,0
3421,260,1,0
3120,264,1,0
3266,270,1,0
3318,286,1,0
3355,298,1,0
3915,337,1,0
3941,366,1,0
3012,388,1,0
3667,391,1,0
3004,440,1,0
3636,440,1,0
3676,452,1,0
3000,457,1,0
3773,488,1,0
2993,490,1,0
3832,512,1,0
3822,513,1,0
3032,515,1,0
3846,552,1,0
1661,555,1,0
3887,559,1,0
1682,560,1,0
3022,577,1,0
1408,600,1,0
3127,603,1,0
1604,609,1,0
1621,619,1,0
1377,622,1,0
3102,627,1,0
1343,651,1,0
1676,653,1,0
1710,677,1,0
2937,685,1,0
2876,688,1,0
2838,690,1,0
2781,693,1,0
2742,695,1,0
1740,698,1,0
2870,703,1,0
2825,705,1,0
2788,707,1,0
2698,711,1,0
1388,714,1,0
2638,714,1,0
2595,716,1,0
2482,723,1,0
1787,731,1,0
2515,735,1,0
2470,738,1,0
1277,740,1,0
2406,742,1,0
2387,744,1,0
1378,748,1,0
3909,748,1,0
2321,750,1,0
1820,755,1,0
2262,758,1,0
2221,765,1,0
1372,770,1,0
2186,771,1,0
1259,776,1,0
1857,779,1,0
2126,781,1,0
4078,785,1,0
2276,786,1,0
3924,787,1,0
2235,792,1,0
2199,799,1,0
1908,808,1,0
2140,809,1,0
4108,811,1,0
2103,815,1,0
1940,822,1,0
4122,822,1,0
3938,823,1,0
2051,824,1,0
1428,829,1,0
2011,831,1,0
1970,838,1,0
2013,840,1,0
1352,842,1,0
1935,843,1,0
4156,845,1,0
1856,848,1,0
1878,848,1,0
4172,854,1,0
1348,857,1,0
3954,858,1,0
1348,863,3,0
1348,864,7,0
1347,865,1,0
1348,865,2,0
1415,867,1,0
1342,882,1,0
4228,882,1,0
4269,897,1,0
1336,902,1,0
4117,912,1,0
4545,921,1,0
4177,923,1,0
4482,923,1,0
4401,924,1,0
1329,925,1,0
4443,925,1,0
1398,926,1,0
4232,928,1,0
4386,928,1,0
4253,929,1,0
4306,930,1,0
4536,964,1,0
1318,967,1,0
4574,988,1,0
1310,996,1,0
1305,1012,1,0
1297,1044,1,0
4634,1045,1,0
1281,1098,1,0
1245,1103,1,0
4685,1110,1,0
1244,1141,1,0
1269,1143,1,0
4709,1143,1,0
1241,1176,1,0
1262,1176,1,0
4745,1192,1,0
1241,1201,1,0
1240,1202,8,0
1240,1204,1,0
1256,1210,1,0
1238,1213,1,0
4768,1224,1,0
1236,1234,1,0
1232,1263,1,0
1248,1289,1,0
1222,1312,1,0
1214,1343,1,0
998,1482,1,0
1147,1503,1,0
979,1511,1,0
1130,1532,1,0
5265,1537,1,0
1149,1542,1,0
1103,1575,1,0
1083,1604,1,0
1098,1618,1,0
1053,1649,1,0
1077,1650,1,0
1030,1683,1,0
1046,1697,1,0
1027,1724,1,0
1006,1755,1,0
983,1789,1,0
5661,1833,1,0
950,1836,1,0
734,1849,1,0
928,1863,1,0
5704,1874,1,0
715,1879,1,0
885,1901,1,0
850,1922,1,0
813,1937,1,0
756,1956,1,0
738,1962,1,0
5611,1970,1,0
5882,1980,1,0
5637,1995,1,0
830,2003,1,0
5923,2018,1,0
5933,2027,1,0
788,2032,1,0
5946,2039,1,0
775,2044,1,0
5967,2059,1,0
6000,2090,1,0
5833,2117,1,0
5873,2155,1,0
5885,2167,1,0
5926,2205,1,0
6106,2207,1,0
5955,2232,1,0
539,2233,1,0
5998,2273,1,0
535,2277,1,0
6113,2283,1,0
6026,2302,1,0
6111,2317,1,0
6050,2331,1,0
573,2338,1,0
6109,2339,1,0
527,2345,1,0
564,2360,1,0
6072,2364,1,0
6105,2371,1,0
519,2382,1,0
6095,2413,1,0
6099,2416,1,0
506,2420,1,0
490,2457,1,0
6089,2487,1,0
463,2504,1,0
444,2536,1,0
6082,2536,1,0
6078,2568,1,0
423,2572,1,0
6079,2582,1,0
402,2607,1,0
6073,2607,1,0
5962,2611,1,0
5823,2612,1,0
5927,2613,1,0
5870,2617,1,0
6082,2617,1,0
5829,2620,1,0
5789,2623,1,0
5640,2634,1,0
5723,2639,1,0
5679,2643,1,0
5644,2645,1,0
5603,2648,1,0
373,2657,1,0
6070,2663,1,0
5360,2668,1,0
364,2672,1,0
5321,2672,1,0
5273,2673,1,0
5229,2674,1,0
5252,2674,1,0
5182,2675,1,0
5193,2675,1,0
5142,2677,1,0
5158,2677,1,0
223,2678,1,0
5108,2679,1,0
5034,2700,1,0
345,2705,1,0
5017,2716,1,0
6070,2716,1,0
326,2736,1,0
4993,2750,1,0
6073,2753,1,0
6089,2754,1,0
6091,2770,1,0
4982,2777,1,0
6075,2788,1,0
183,2801,1,0
6092,2801,1,0
6092,2817,1,0
4979,2824,1,0
6093,2826,1,0
176,2839,1,0
6092,2866,1,0
6093,2867,1,0
172,2870,1,0
6092,2898,1,0
6092,2907,1,0
4984,2920,1,0
4985,2935,1,0
4983,2939,1,0
6082,2946,1,0
6091,2949,1,0
227,2961,1,0
6080,2962,1,0
6092,2963,1,0
4987,2966,1,0
4981,2969,1,0
6073,2987,1,0
4988,2990,1,0
239,2995,1,0
6091,2999,1,0
6075,3020,1,0
4980,3027,1,0
4988,3029,1,0
252,3036,1,0
6091,3052,1,0
6067,3056,1,0
4987,3059,1,0
6072,3062,1,0
4980,3064,1,0
4865,3070,2,0
6090,3070,1,0
4868,3078,1,0
4868,3092,1,0
4986,3093,1,0
6068,3100,1,0
4868,3105,1,0
6060,3109,1,0
197,3120,1,0
4868,3121,1,0
4982,3121,1,0
4986,3125,1,0
6087,3129,1,0
6053,3141,1,0
4685,3149,3,0
4686,3149,7,0
4685,3150,2,0
4868,3150,1,0
4870,3151,1,0
4872,3151,2,0
4869,3152,2,0
4871,3152,1,0
4872,3152,2,0
4873,3152,4,0
4869,3153,1,0
4986,3153,1,0
4867,3154,5,0
4868,3154,4,0
4869,3154,6,0
4866,3155,1,0
4867,3155,4,0
4868,3155,2,0
4869,3155,2,0
4868,3156,2,0
4869,3156,4,0
4870,3156,2,0
4982,3160,1,0
6062,3165,1,0
4868,3177,1,0
4870,3198,1,0
4982,3198,1,0
6057,3211,1,0
5976,3214,1,0
4870,3218,1,0
5938,3225,1,0
5910,3226,1,0
5831,3229,1,0
5860,3229,1,0
4718,3230,1,0
4756,3230,1,0
4768,3230,1,0
4833,3230,1,0
5849,3230,1,0
5890,3230,1,0
4858,3231,1,0
4872,3231,1,0
4891,3231,1,0
4926,3232,1,0
4942,3232,1,0
4982,3233,1,0
4986,3233,1,0
5062,3233,1,0
5063,3233,1,0
5002,3234,1,0
5023,3234,1,0
5063,3234,1,0
5069,3234,1,0
5030,3235,1,0
5064,3235,1,0
5085,3235,1,0
5093,3235,1,0
5105,3235,1,0
5615,3235,1,0
5616,3235,1,0
5154,3236,1,0
5542,3236,1,0
5579,3236,1,0
5581,3236,1,0
5138,3237,1,0
5173,3237,1,0
5480,3237,1,0
5512,3237,1,0
4982,3238,1,0
5209,3238,1,0
5266,3238,1,0
5304,3238,1,0
5466,3238,1,0
5383,3239,1,0
5419,3239,1,0
5345,3240,1,0
5385,3240,1,0
5410,3240,1,0
6051,3258,1,0
18,3268,0,2
19,3268,0,4
20,3268,0,2
21,3268,0,4
17,3269,0,4
22,3269,0,4
16,3270,0,4
16,3271,0,2
23,3271,0,2
16,3272,0,2
23,3272,0,2
16,3273,0,2
16,3274,0,2
23,3274,0,2
23,3275,0,2
16,3276,0,2
16,3277,0,2
23,3277,0,2
16,3279,0,2
23,3279,0,2
16,3281,0,2
23,3281,0,2
16,3283,0,2
23,3283,0,2
23,3285,0,2
16,3286,0,2
23,3286,0,2
16,3288,0,2
23,3288,0,2
16,3290,0,2
24,3290,0,2
24,3291,0,2
24,3292,0,2
24,3294,0,2
16,3295,0,2
24,3295,0,2
4982,3295,1,0
24,3296,0,2
24,3297,0,2
16,3298,0,2
24,3298,0,4
24,3299,0,2
16,3300,0,2
25,3300,0,2
264,3300,1,0
25,3301,0,2
4982,3301,1,0
16,3302,0,2
25,3302,0,2
25,3303,0,4
25,3304,0,42
16,3305,0,2
25,3305,0,16
25,3306,0,6
16,3307,0,2
25,3307,0,4
25,3308,0,2
25,3309,0,4
16,3310,0,2
25,3310,0,2
25,3311,0,2
16,3312,0,2
25,3312,0,2
25,3313,0,2
16,3314,0,2
25,3314,0,2
25,3315,0,2
16,3317,0,2
25,3317,0,2
25,3318,0,2
16,3319,0,2
4982,3321,1,0
16,3322,0,2
25,3322,0,2
16,3324,0,2
25,3324,0,2
25,3326,0,2
6040,3326,1,0
16,3327,0,2
25,3328,0,2
16,3330,0,2
25,3330,0,2
16,3332,0,2
25,3332,0,2
25,3334,0,2
263,3334,1,0
16,3335,0,2
24,3336,0,2
16,3338,0,2
24,3338,0,2
24,3340,0,2
16,3341,0,2
24,3342,0,2
16,3344,0,2
24,3345,0,2
17,3347,0,2
24,3347,0,2
23,3349,0,2
17,3350,0,2
23,3352,0,2
17,3353,0,2
23,3354,0,2
5999,3355,1,0
17,3356,0,2
23,3357,0,2
23,3359,0,2
4982,3361,1,0
23,3362,0,2
17,3363,0,2
23,3364,0,2
17,3366,0,2
22,3366,0,2
17,3369,0,2
22,3369,0,2
6034,3369,1,0
22,3371,0,2
17,3372,0,2
17,3375,0,2
22,3377,0,2
17,3378,0,2
22,3379,0,2
262,3381,1,0
17,3382,0,2
22,3382,0,2
22,3384,0,2
17,3385,0,2
4982,3386,1,0
22,3387,0,2
17,3388,0,2
22,3390,0,2
17,3391,0,2
22,3392,0,2
17,3394,0,2
22,3395,0,2
17,3398,0,2
22,3398,0,2
17,3401,0,2
22,3401,0,2
22,3404,0,2
17,3405,0,2
21,3406,0,2
17,3408,0,2
21,3409,0,2
17,3411,0,2
21,3412,0,2
262,3412,1,0
6027,3412,1,0
17,3414,0,2
21,3415,0,2
17,3418,0,2
21,3418,0,2
5988,3420,1,0
17,3421,0,2
21,3421,0,2
20,3424,0,2
16,3425,0,2
20,3428,0,2
16,3429,0,2
20,3431,0,2
16,3432,0,2
20,3434,0,2
19,3437,0,2
15,3440,0,2
15,3443,0,2
19,3444,0,2
262,3444,1,0
14,3447,0,2
19,3447,0,2
261,3449,1,0
14,3450,0,2
18,3451,0,2
4982,3451,1,0
4982,3452,1,0
13,3454,0,2
18,3454,0,2
13,3457,0,2
18,3457,0,2
13,3460,0,2
18,3460,0,2
262,3462,1,0
17,3463,0,2
12,3464,0,2
12,3467,0,2
17,3467,0,2
17,3470,0,2
12,3471,0,2
4982,3472,1,0
17,3473,0,2
12,3474,0,2
16,3476,0,2
11,3477,0,2
16,3478,0,2
261,3480,1,0
11,3481,0,2
16,3481,0,2
10,3484,0,2
15,3484,0,2
10,3487,0,2
15,3487,0,2
10,3490,0,2
15,3490,0,2
9,3493,0,2
15,3493,0,2
9,3496,0,2
14,3496,0,2
14,3498,0,2
9,3499,0,2
14,3501,0,2
8,3502,0,2
13,3504,0,2
8,3505,0,2
13,3507,0,2
8,3508,0,2
13,3509,0,2
5975,3510,1,0
7,3511,0,2
13,3512,0,2
6011,3515,1,0
7,3517,0,2
12,3517,0,2
4981,3518,1,0
254,3519,1,0
7,3520,0,2
12,3520,0,2
12,3522,0,2
6,3523,0,2
11,3525,0,2
6,3526,0,2
11,3527,0,2
6,3528,0,2
11,3530,0,2
5,3531,0,2
11,3532,0,2
250,3532,1,0
5,3534,0,2
10,3534,0,2
261,3534,1,0
5,3536,0,2
10,3537,0,2
5,3539,0,2
10,3539,0,2
4,3541,0,2
10,3542,0,2
4,3544,0,2
10,3544,0,2
4,3546,0,2
9,3547,0,2
4,3549,0,2
9,3549,0,2
3,3551,0,2
9,3552,0,2
3,3554,0,2
9,3554,0,2
3,3556,0,2
8,3556,0,2
4982,3556,1,0
249,3558,1,0
262,3558,1,0
3,3559,0,2
8,3559,0,2
8,3561,0,2
3,3562,0,2
2,3564,0,2
8,3564,0,2
8,3566,0,2
2,3567,0,2
2,3569,0,2
7,3569,0,2
7,3571,0,2
249,3571,1,0
2,3572,0,2
2,3575,0,2
7,3576,0,2
7,3578,0,2
249,3578,2,0
1,3580,0,2
7,3580,0,2
1,3583,0,2
6,3583,0,2
6,3585,0,2
249,3585,1,0
1,3586,0,2
6,3588,0,2
1,3589,0,2
1,3591,0,2
6,3591,0,2
6,3593,0,2
260,3593,1,0
5964,3593,1,0
1,3594,0,2
6,3596,0,2
4982,3596,1,0
1,3597,0,2
5,3599,0,2
1,3600,0,2
5,3602,0,2
1,3603,0,2
5,3604,0,2
1,3606,0,2
5,3607,0,2
1,3608,0,2
5,3610,0,2
262,3610,1,0
1,3611,0,2
5,3613,0,2
1,3614,0,2
5962,3614,1,0
5,3616,0,2
2,3617,0,2
4,3619,0,2
2,3620,0,2
4,3621,0,2
2,3623,0,2
4,3624,0,2
2,3626,0,2
4,3627,0,2
2,3629,0,2
4,3630,0,2
2,3632,0,2
4982,3632,1,0
4,3633,0,2
2,3634,0,2
4,3635,0,2
2,3637,0,2
2,3640,0,2
4,3641,0,2
3,3642,0,2
3,3645,0,2
4982,3645,1,0
250,3647,1,0
261,3647,1,0
3,3648,0,4
3,3650,0,2
260,3650,1,0
3,3651,0,2
3,3653,0,2
3,3654,0,2
3,3656,0,2
3,3657,0,2
3,3658,0,2
3,3660,0,2
4980,3660,1,0
3,3661,0,2
276,3661,1,0
3,3663,0,2
3,3664,0,2
3,3666,0,4
3,3669,0,4
3,3671,0,2
5956,3671,1,0
3,3672,0,2
268,3672,1,0
3,3674,0,2
3,3675,0,2
3,3677,0,2
3,3678,0,2
3,3679,0,2
3,3681,0,2
3,3682,0,2
3,3684,0,2
3,3685,0,2
3,3687,0,4
3,3690,0,4
3,3693,0,4
4982,3693,1,0
260,3694,1,0
3,3696,0,4
3,3698,0,2
3,3699,0,2
3,3701,0,2
252,3701,1,0
3,3702,0,2
3,3704,0,2
3,3705,0,2
271,3706,1,0
279,3706,1,0
3,3707,0,2
260,3707,1,0
3,3708,0,2
4981,3710,1,0
3,3712,0,2
281,3712,1,0
3,3715,0,4
4981,3716,1,0
3,3718,0,4
5952,3720,1,0
3,3721,0,4
3,3723,0,2
3,3724,0,2
3,3726,0,2
3,3727,0,2
261,3727,1,0
3,3729,0,2
4980,3729,1,0
3,3731,0,2
3,3732,0,2
3,3734,0,2
3,3735,0,2
3,3737,0,2
2,3738,0,2
3,3740,0,2
2,3741,0,2
254,3742,1,0
284,3743,1,0
2,3744,0,2
3,3744,0,2
2,3747,0,2
4,3747,0,2
2,3749,0,2
4,3750,0,2
2,3752,0,2
4977,3752,1,0
4,3753,0,2
2,3756,0,2
5935,3756,1,0
4,3757,0,2
2,3759,0,2
276,3759,1,0
4,3760,0,2
2,3762,0,2
254,3762,1,0
283,3762,1,0
4,3763,0,2
2,3765,0,2
261,3765,1,0
4,3766,0,2
5948,3767,1,0
2,3768,0,2
4,3769,0,2
2,3771,0,2
4,3772,0,2
2,3774,0,2
5947,3774,1,0
4,3775,0,2
2,3778,0,2
4,3779,0,2
4979,3780,1,0
4,3782,0,2
5935,3782,1,0
2,3784,0,2
4,3785,0,2
1,3788,0,2
5947,3789,1,0
1,3791,0,2
5,3791,0,2
2,3794,0,2
5,3794,0,2
279,3795,1,0
2,3798,0,2
5,3798,0,2
5946,3800,1,0
2,3801,0,2
5,3801,0,2
2,3804,0,2
5,3804,0,2
2,3807,0,2
5,3807,0,2
4980,3807,1,0
2,3810,0,2
5,3810,0,2
258,3810,1,0
5945,3811,1,0
5934,3812,1,0
1,3813,0,2
5,3814,0,2
267,3815,1,0
1,3816,0,2
5,3817,0,2
265,3818,1,0
1,3819,0,2
5,3820,0,2
1,3823,0,2
6,3823,0,2
301,3825,1,0
1,3826,0,2
6,3826,0,2
1,3829,0,2
6,3829,0,2
1,3832,0,2
6,3832,0,2
5944,3834,1,0
1,3835,0,2
6,3835,0,2
1,3838,0,2
6,3838,0,2
1,3841,0,2
6,3841,0,2
1,3844,0,2
6,3844,0,2
5944,3844,1,0
6,3846,0,2
1,3847,0,2
314,3847,1,0
1,3849,0,2
6,3849,0,2
1,3852,0,2
6,3852,0,2
1,3855,0,2
6,3855,0,2
6,3857,0,2
1,3862,0,2
6,3863,0,2
4981,3863,1,0
1,3865,0,2
6,3866,0,2
1,3868,0,2
6,3868,0,2
270,3869,1,0
1,3871,0,2
7,3871,0,2
5930,3873,1,0
1,3874,0,2
7,3874,0,2
273,3874,1,0
7,3877,0,2
264,3877,1,0
1,3878,0,2
7,3880,0,2
1,3881,0,2
7,3882,0,2
2,3884,0,2
7,3885,0,2
2,3887,0,2
7,3888,0,2
272,3890,1,0
2,3891,0,2
7,3891,0,2
283,3892,1,0
523,3892,1,0
391,3893,1,0
523,3893,1,0
2,3894,0,2
7,3894,0,2
523,3894,1,0
420,3895,1,0
481,3896,1,0
522,3896,1,0
531,3896,1,0
7,3897,0,2
424,3897,1,0
510,3897,1,0
520,3897,1,0
2,3898,0,2
539,3898,1,0
553,3898,1,0
582,3898,1,0
7,3900,0,2
5929,3900,1,0
2,3901,0,2
7,3903,0,2
2,3904,0,2
7,3905,0,2
291,3905,1,0
2,3908,0,1
7,3908,0,2
4982,3910,1,0
2,3911,0,2
7,3911,0,2
542,3913,1,0
7,3914,0,2
2,3915,0,1
7,3917,0,2
2,3918,0,2
7,3919,0,2
2,3921,0,2
8,3922,0,2
5928,3923,1,0
2,3925,0,2
8,3925,0,2
3,3928,0,2
3,3931,0,2
8,3931,0,2
603,3932,1,0
604,3932,2,0
603,3933,2,0
8,3934,0,2
559,3934,1,0
567,3934,1,0
577,3934,1,0
602,3934,1,0
601,3935,2,0
584,3936,1,0
8,3937,0,2
588,3937,1,0
597,3937,1,0
600,3937,2,0
3,3938,0,2
284,3938,1,0
8,3940,0,2
292,3940,1,0
3,3941,0,2
542,3942,1,0
558,3942,1,0
5927,3942,1,0
8,3943,0,2
3,3945,0,2
8,3946,0,2
3,3948,0,2
544,3948,1,0
548,3949,1,0
556,3949,1,0
8,3950,0,2
3,3952,0,2
8,3953,0,2
4982,3953,1,0
3,3955,0,2
8,3956,0,2
3,3958,0,2
8,3959,0,2
3,3961,0,2
8,3962,0,2
3,3965,0,2
8,3965,0,2
3,3968,0,2
8,3968,0,2
5926,3968,1,0
4,3971,0,2
9,3971,0,2
4,3974,0,2
9,3974,0,2
4,3977,0,2
9,3977,0,2
4,3979,0,2
9,3980,0,2
5925,3981,1,0
4,3982,0,2
9,3983,0,2
285,3983,1,0
4,3985,0,2
9,3986,0,2
4,3988,0,2
9,3989,0,2
4,3990,0,2
9,3991,0,2
4,3993,0,2
5923,3993,1,0
9,3994,0,2
4,3995,0,2
9,3997,0,2
4,3998,0,2
292,3999,1,0
4,4000,0,2
9,4000,0,2
4,4003,0,2
5923,4004,1,0
9,4005,0,2
4,4007,0,2
9,4008,0,2
4,4010,0,2
9,4011,0,2
4,4012,0,2
4982,4013,1,0
9,4014,0,2
4,4015,0,2
9,4016,0,2
4,4017,0,2
5922,4018,1,0
9,4019,0,2
4,4020,0,2
9,4022,0,2
4,4023,0,2
9,4024,0,2
4,4025,0,2
284,4025,1,0
9,4027,0,2
4,4028,0,2
8,4029,0,2
3,4031,0,2
5922,4031,1,0
8,4032,0,2
3,4033,0,2
8,4035,0,2
3,4036,0,2
8,4037,0,2
5910,4037,1,0
3,4038,0,2
8,4040,0,2
2,4041,0,2
291,4041,1,0
7,4042,0,2
4983,4043,1,0
2,4044,0,2
7,4045,0,2
5922,4045,1,0
2,4047,0,2
7,4047,0,2
278,4047,1,0
4982,4047,1,0
1,4049,0,2
7,4050,0,2
1,4052,0,2
6,4052,0,2
1,4055,0,2
6,4055,0,2
5909,4056,1,0
5,4057,0,2
1,4058,0,2
5,4060,0,2
1,4061,0,2
5,4062,0,2
2,4064,0,2
2,4066,0,2
4983,4067,1,0
4,4068,0,2
3,4070,0,2
4982,4070,1,0
5909,4070,1,0
4,4071,0,2
5921,4072,1,0
2,4073,0,2
4,4074,0,2
2,4075,0,2
5,4077,0,2
1,4078,0,2
6,4079,0,2
1,4080,0,2
6,4082,0,2
1,4083,0,2
5908,4083,1,0
7,4085,0,2
278,4085,1,0
290,4085,1,0
2,4086,0,2
3,4088,0,2
8,4088,0,2
9,4090,0,2
4,4091,0,2
5920,4091,1,0
4,4093,0,2
10,4093,0,2
5,4096,0,2
10,4096,0,2
11,4098,0,2
6,4099,0,2
282,4100,1,0
7,4101,0,2
12,4101,0,2
5907,4101,1,0
8,4104,0,2
14,4104,0,2
9,4106,0,2
15,4106,0,2
10,4109,0,2
16,4109,0,2
11,4112,0,2
17,4112,0,2
13,4114,0,2
18,4115,0,2
14,4117,0,2
19,4117,0,2
5906,4117,1,0
15,4120,0,2
21,4120,0,2
5919,4121,1,0
16,4122,0,2
22,4123,0,2
17,4125,0,2
23,4125,0,2
24,4128,0,2
289,4128,1,0
20,4130,0,2
26,4131,0,2
5906,4131,1,0
21,4133,0,2
4983,4133,1,0
22,4135,0,2
5905,4135,1,0
28,4136,0,2
23,4138,0,2
29,4138,0,2
24,4140,0,2
31,4141,0,2
281,4142,1,0
26,4143,0,2
32,4144,0,2
27,4145,0,2
33,4146,0,2
28,4148,0,2
276,4148,1,0
34,4149,0,2
30,4150,0,2
36,4151,0,2
5904,4151,1,0
31,4153,0,2
37,4154,0,2
289,4154,1,0
32,4155,0,2
38,4157,0,2
33,4158,0,2
5904,4158,1,0
40,4159,0,2
5917,4160,1,0
35,4161,0,2
41,4162,0,2
36,4163,0,2
42,4165,0,2
37,4166,0,2
44,4167,0,2
38,4169,0,2
45,4170,0,2
4982,4170,1,0
39,4171,0,2
46,4173,0,2
41,4174,0,2
42,4176,0,2
47,4176,0,2
5902,4178,1,0
43,4179,0,2
48,4179,0,2
5916,4179,1,0
44,4182,0,2
50,4182,0,2
45,4184,0,2
51,4185,0,2
52,4188,0,2
47,4190,0,2
280,4190,1,0
53,4191,0,2
288,4191,1,0
48,4193,0,2
54,4193,0,2
275,4194,1,0
49,4196,0,2
55,4196,0,2
4983,4197,1,0
5915,4197,1,0
50,4199,0,2
51,4201,0,2
57,4202,0,2
52,4204,0,2
57,4205,0,2
52,4207,0,2
283,4207,1,0
58,4208,0,2
53,4210,0,2
59,4211,0,2
54,4213,0,2
60,4214,0,2
5913,4215,1,0
54,4216,0,2
60,4217,0,2
5897,4218,1,0
55,4219,0,2
61,4220,0,2
56,4222,0,2
5913,4222,1,0
61,4223,0,2
56,4225,0,2
62,4225,0,2
57,4228,0,2
63,4228,0,2
4983,4230,1,0
57,4231,0,2
63,4231,0,2
5894,4233,1,0
58,4234,0,2
64,4234,0,2
59,4237,0,2
64,4237,0,2
4983,4239,1,0
59,4240,0,2
65,4240,0,2
5912,4240,1,0
5893,4242,1,0
60,4243,0,2
65,4243,0,2
60,4246,0,2
66,4246,0,2
60,4249,0,2
66,4249,0,2
5891,4251,1,0
61,4252,0,2
67,4252,0,2
279,4252,1,0
67,4255,0,2
61,4256,0,2
5911,4257,1,0
67,4258,0,2
68,4261,0,2
5888,4261,1,0
62,4262,0,2
282,4262,1,0
286,4262,1,0
68,4264,0,2
63,4265,0,2
63,4268,0,2
69,4268,0,2
5911,4270,1,0
64,4271,0,2
64,4274,0,2
70,4274,0,2
64,4277,0,2
70,4277,0,2
65,4280,0,2
71,4280,0,2
65,4283,0,2
71,4283,0,2
5882,4284,1,0
66,4286,0,2
71,4286,0,2
4983,4288,1,0
66,4289,0,2
72,4290,0,2
67,4292,0,2
72,4293,0,2
67,4295,0,2
276,4295,1,0
73,4296,0,2
5878,4297,1,0
67,4298,0,2
73,4299,0,2
68,4300,0,2
284,4301,1,0
5877,4301,1,0
74,4302,0,2
68,4303,0,2
74,4305,0,2
69,4306,0,2
75,4308,0,2
69,4309,0,2
75,4311,0,2
69,4312,0,2
70,4314,0,2
76,4315,0,2
70,4317,0,2
76,4318,0,2
71,4320,0,2
76,4321,0,2
71,4323,0,2
5869,4323,1,0
77,4324,0,2
72,4325,0,2
77,4328,0,2
280,4329,1,0
72,4331,0,2
78,4331,0,2
73,4334,0,2
78,4334,0,2
73,4337,0,2
79,4337,0,2
288,4338,1,0
74,4339,0,2
79,4340,0,2
5861,4341,1,0
74,4342,0,2
80,4343,0,2
74,4345,0,2
80,4346,0,2
75,4348,0,2
75,4351,0,2
81,4352,0,2
76,4353,0,2
81,4355,0,2
76,4356,0,2
82,4358,0,2
76,4359,0,2
82,4361,0,2
77,4362,0,2
77,4364,0,2
83,4364,0,2
78,4367,0,2
83,4367,0,2
287,4367,1,0
78,4370,0,2
5848,4370,1,0
83,4371,0,2
78,4373,0,2
84,4374,0,2
79,4376,0,2
84,4377,0,2
297,4378,1,0
79,4379,0,2
85,4380,0,2
80,4381,0,2
85,4383,0,2
80,4384,0,2
86,4386,0,2
80,4387,0,2
81,4390,0,2
86,4390,0,2
4983,4391,1,0
81,4393,0,2
87,4393,0,2
87,4396,0,2
82,4398,0,2
88,4399,0,2
82,4401,0,2
88,4403,0,2
83,4404,0,2
299,4405,1,0
89,4406,0,2
83,4407,0,2
89,4409,0,2
84,4410,0,2
84,4413,0,2
89,4413,0,2
5823,4415,1,0
85,4416,0,2
90,4416,0,2
4979,4417,1,0
85,4419,0,2
90,4420,0,2
85,4422,0,2
91,4423,0,2
86,4425,0,2
86,4428,0,2
92,4430,0,2
87,4431,0,2
92,4433,0,2
4983,4433,1,0
87,4434,0,2
88,4436,0,2
400,4436,1,0
5822,4436,1,0
93,4437,0,2
319,4437,1,0
88,4439,0,2
93,4440,0,2
5995,4441,1,0
88,4442,0,2
94,4443,0,2
89,4445,0,2
94,4447,0,2
5816,4447,1,0
89,4448,0,2
95,4450,0,2
90,4451,0,2
95,4453,0,2
90,4454,0,2
4975,4454,1,0
96,4456,0,2
90,4457,0,2
91,4459,0,2
96,4460,0,2
91,4462,0,2
324,4462,1,0
97,4463,0,2
97,4466,0,2
92,4468,0,2
98,4469,0,2
92,4470,0,2
98,4472,0,2
5973,4472,1,0
93,4473,0,2
98,4475,0,2
4983,4475,1,0
93,4476,0,2
337,4477,1,0
94,4478,0,2
406,4478,1,0
99,4479,0,2
94,4481,0,2
99,4482,0,2
94,4484,0,2
100,4485,0,2
95,4487,0,2
100,4488,0,2
95,4490,0,2
101,4491,0,2
96,4492,0,2
96,4495,0,2
101,4495,0,2
340,4496,1,0
5789,4496,1,0
4969,4497,1,0
96,4498,0,2
102,4498,0,2
5952,4500,1,0
97,4501,0,2
102,4501,0,2
97,4504,0,2
102,4504,0,2
98,4507,0,2
5783,4509,1,0
103,4510,0,2
98,4511,0,2
355,4511,1,0
99,4514,0,2
104,4514,0,2
99,4517,0,2
104,4517,0,2
406,4519,1,0
100,4520,0,2
105,4520,0,2
105,4523,0,2
100,4524,0,2
413,4525,1,0
106,4526,0,2
100,4527,0,2
106,4530,0,2
101,4531,0,2
107,4533,0,2
101,4534,0,2
107,4536,0,2
359,4536,1,0
408,4538,1,0
107,4539,0,2
4983,4539,1,0
103,4541,0,2
108,4543,0,2
5767,4544,1,0
103,4545,0,2
5918,4545,1,0
108,4546,0,2
104,4548,0,2
109,4549,0,2
104,4551,0,2
109,4552,0,2
105,4555,0,2
110,4555,0,2
105,4558,0,2
110,4558,0,3
5142,4559,1,0
105,4561,0,2
106,4565,0,2
111,4565,0,2
106,4568,0,2
112,4568,0,2
107,4571,0,2
112,4571,0,2
420,4572,1,0
4983,4572,1,0
112,4574,0,2
379,4574,1,0
107,4575,0,2
113,4577,0,2
108,4578,0,2
5893,4578,1,0
108,4581,0,2
113,4581,0,3
109,4585,0,2
114,4587,0,2
109,4588,0,2
115,4590,0,2
110,4591,0,2
115,4593,0,2
110,4594,0,2
116,4596,0,2
379,4597,1,0
111,4598,0,2
417,4598,1,0
116,4600,0,2
5745,4600,1,0
111,4601,0,2
116,4603,0,2
5127,4603,1,0
111,4604,0,2
117,4606,0,2
112,4607,0,2
5872,4608,1,0
117,4609,0,2
112,4611,0,2
118,4612,0,2
113,4614,0,2
118,4616,0,2
119,4619,0,2
114,4620,0,2
119,4622,0,2
5118,4622,1,0
114,4624,0,2
120,4625,0,2
115,4627,0,2
120,4628,0,2
115,4630,0,2
121,4631,0,2
116,4634,0,2
121,4635,0,2
422,4636,1,0
116,4637,0,2
122,4638,0,2
430,4639,1,0
117,4641,0,2
122,4641,0,2
117,4644,0,2
122,4644,0,2
123,4647,0,2
118,4648,0,2
123,4650,0,2
118,4651,0,2
124,4653,0,2
119,4655,0,2
119,4659,0,2
125,4660,0,2
120,4662,0,2
125,4663,0,2
120,4666,0,2
126,4666,0,2
121,4669,0,2
126,4670,0,2
121,4673,0,2
126,4673,0,2
122,4676,0,2
127,4676,0,2
127,4679,0,2
122,4680,0,2
123,4683,0,2
128,4683,0,2
436,4683,1,0
128,4686,0,2
123,4687,0,2
129,4689,0,2
124,4690,0,2
124,4693,0,2
129,4693,0,2
430,4694,1,0
130,4696,0,2
125,4697,0,2
130,4699,0,2
125,4700,0,2
5073,4700,1,0
131,4703,0,2
126,4706,0,2
131,4706,0,2
132,4709,0,2
127,4710,0,2
440,4711,1,0
127,4713,0,2
132,4713,0,2
128,4716,0,2
133,4716,0,2
128,4719,0,2
133,4720,0,2
129,4723,0,2
134,4723,0,2
129,4726,0,2
134,4726,0,2
130,4729,0,2
135,4730,0,2
130,4732,0,2
135,4733,0,2
436,4733,1,0
443,4734,1,0
131,4736,0,2
131,4739,0,2
136,4739,0,2
5043,4740,1,0
131,4742,0,2
136,4742,0,2
132,4745,0,2
137,4745,0,2
132,4748,0,2
137,4748,0,2
133,4751,0,2
138,4752,0,2
133,4755,0,2
138,4755,0,2
134,4758,0,2
139,4758,0,2
134,4761,0,2
139,4761,0,2
483,4763,1,0
135,4764,0,2
139,4764,0,2
135,4767,0,2
140,4767,0,2
140,4770,0,2
136,4771,0,2
442,4771,1,0
141,4773,0,2
136,4774,0,2
1691,4774,1,0
1695,4775,1,0
1698,4775,1,0
141,4776,0,2
1681,4776,1,0
137,4777,0,2
1719,4777,1,0
142,4779,0,2
1744,4780,1,0
142,4782,0,2
138,4784,0,2
143,4785,0,2
1752,4786,1,0
138,4788,0,2
143,4788,0,2
143,4791,0,2
139,4792,0,2
144,4794,0,2
139,4795,0,2
1750,4796,1,0
144,4797,0,2
140,4799,0,2
1670,4799,1,0
145,4800,0,2
140,4802,0,2
145,4803,0,2
141,4806,0,2
145,4806,0,2
4977,4808,1,0
146,4809,0,2
1665,4809,1,0
141,4810,0,2
142,4813,0,2
147,4815,0,2
1745,4816,1,0
142,4817,0,2
147,4818,0,2
142,4820,0,2
147,4821,0,2
143,4824,0,2
148,4825,0,2
1742,4825,1,0
449,4826,1,0
143,4827,0,2
1740,4827,8,0
148,4828,0,2
1741,4828,4,0
1741,4829,3,0
144,4831,0,2
148,4831,0,2
144,4834,0,2
149,4834,0,2
1740,4834,1,0
149,4837,0,2
144,4838,0,2
149,4840,0,2
486,4840,1,0
145,4841,0,2
1738,4842,1,0
150,4843,0,2
4835,4843,1,0
145,4845,0,2
150,4847,0,2
4831,4847,1,0
145,4848,0,2
150,4850,0,2
4928,4850,1,0
460,4851,1,0
146,4852,0,2
151,4853,0,2
496,4853,1,0
146,4855,0,2
151,4856,0,2
5567,4856,1,0
146,4859,0,2
151,4859,0,2
1739,4860,1,0
147,4862,0,2
151,4862,0,2
489,4864,1,0
152,4866,0,2
147,4869,0,2
152,4869,0,2
152,4872,0,2
148,4873,0,2
456,4874,1,0
152,4875,0,2
148,4877,0,2
153,4878,0,2
1738,4878,1,0
148,4880,0,2
4893,4880,1,0
153,4881,0,2
148,4884,0,2
153,4884,0,2
148,4887,0,2
1737,4889,13,0
1738,4889,11,0
1735,4890,6,0
1736,4890,1,0
1737,4890,18,0
1738,4890,3,0
1739,4890,1,0
149,4891,0,2
153,4891,0,2
1736,4891,7,0
1737,4891,15,0
1738,4891,8,0
1739,4891,5,0
1736,4892,5,0
1737,4892,2,0
1738,4892,10,0
1739,4892,5,0
1736,4893,2,0
1737,4893,1,0
1738,4893,3,0
1739,4893,3,0
154,4894,0,2
467,4894,1,0
1623,4894,1,0
1736,4894,1,0
1737,4894,6,0
149,4895,0,2
1736,4895,8,0
1737,4895,1,0
1622,4896,2,0
1737,4896,1,0
154,4897,0,2
1621,4897,1,0
1622,4897,1,0
1737,4897,1,0
1738,4897,2,0
149,4898,0,2
154,4900,0,2
149,4902,0,2
154,4903,0,2
1620,4904,1,0
149,4906,0,2
154,4906,0,2
4761,4906,1,0
154,4909,0,2
5542,4909,1,0
150,4910,0,2
1739,4911,1,0
154,4912,0,2
150,4914,0,2
155,4915,0,2
497,4915,1,0
150,4918,0,2
155,4918,0,2
155,4921,0,2
150,4922,0,2
155,4924,0,2
1739,4924,1,0
150,4926,0,2
155,4927,0,2
1739,4928,3,0
1740,4929,1,0
4733,4929,1,0
151,4930,0,2
155,4930,0,2
1620,4930,1,0
155,4933,0,2
151,4934,0,2
4727,4934,1,0
155,4936,0,2
5717,4936,1,0
151,4938,0,2
156,4939,0,2
4719,4941,1,0
151,4942,0,2
156,4942,0,2
473,4942,1,0
1618,4942,1,0
466,4943,1,0
156,4945,0,2
4713,4945,1,0
151,4946,0,2
156,4948,0,2
151,4950,0,2
156,4951,0,2
151,4954,0,2
156,4954,0,2
1739,4955,1,0
156,4957,0,2
156,4960,0,2
151,4961,0,2
4695,4961,1,0
151,4965,0,2
156,4965,0,2
151,4968,0,2
156,4968,0,2
156,4971,0,2
151,4972,0,2
156,4974,0,2
1739,4974,1,0
4679,4974,1,0
514,4975,1,0
151,4976,0,2
156,4978,0,2
151,4980,0,2
156,4981,0,2
4670,4981,1,0
151,4983,0,2
156,4984,0,2
507,4986,1,0
151,4987,0,2
156,4987,0,2
480,4989,1,0
156,4990,0,2
151,4991,0,2
4659,4991,1,0
156,4993,0,2
151,4995,0,2
1738,4995,1,0
156,4997,0,2
151,4999,0,2
156,5000,0,2
1651,5001,1,0
1670,5002,1,0
1672,5002,2,0
1674,5002,1,0
1683,5002,1,0
151,5003,0,2
156,5003,0,2
1702,5004,1,0
1703,5005,1,0
1720,5005,1,0
1733,5005,1,0
156,5006,0,2
1703,5006,2,0
1708,5006,1,0
1741,5006,1,0
1748,5006,1,0
1751,5006,1,0
1757,5006,1,0
4641,5006,1,0
151,5007,0,2
1728,5007,1,0
1747,5007,1,0
1764,5007,1,0
1782,5007,1,0
1790,5007,1,0
1795,5007,1,0
1777,5008,1,0
1781,5008,1,0
1776,5009,1,0
1791,5009,1,0
1811,5009,3,0
156,5010,0,2
1795,5010,1,0
1818,5010,1,0
151,5011,0,2
1811,5011,1,0
1812,5011,1,0
1834,5011,1,0
156,5013,0,2
1859,5013,1,0
5675,5014,1,0
151,5015,0,2
4630,5015,1,0
156,5016,0,2
520,5016,1,0
151,5019,0,2
156,5019,0,2
1868,5020,1,0
156,5022,0,2
151,5023,0,2
4619,5024,1,0
156,5026,0,2
151,5027,0,2
513,5028,1,0
155,5029,0,2
151,5031,0,2
156,5032,0,2
151,5035,0,2
156,5035,0,2
4606,5035,1,0
151,5039,0,2
156,5041,0,2
151,5043,0,2
156,5044,0,2
5657,5045,1,0
151,5046,0,2
156,5047,0,2
151,5050,0,2
156,5050,0,2
156,5053,0,2
4582,5055,1,0
156,5056,0,2
151,5057,0,2
156,5059,0,2
151,5060,0,2
156,5062,0,2
151,5063,0,2
156,5065,0,2
151,5066,0,2
156,5068,0,2
151,5070,0,2
4565,5070,1,0
156,5071,0,2
151,5073,0,2
156,5073,0,2
152,5076,0,2
157,5076,0,2
5638,5076,1,0
152,5079,0,2
157,5079,0,2
520,5080,1,0
152,5082,0,2
157,5082,0,2
529,5082,1,0
152,5085,0,2
157,5085,0,2
153,5088,0,2
157,5088,0,2
153,5091,0,2
158,5091,0,2
4541,5091,1,0
153,5094,0,2
158,5094,0,2
154,5097,0,2
158,5097,0,2
159,5099,0,2
154,5100,0,2
159,5102,0,2
154,5103,0,2
5621,5104,1,0
160,5105,0,2
155,5106,0,2
160,5108,0,2
155,5109,0,2
156,5113,0,2
161,5114,0,2
157,5116,0,2
162,5116,0,2
158,5119,0,2
162,5119,0,2
163,5121,0,2
158,5122,0,2
164,5124,0,2
4501,5125,1,0
165,5127,0,2
160,5128,0,2
165,5129,0,2
534,5129,1,0
161,5131,0,2
166,5132,0,2
162,5134,0,2
167,5134,0,2
527,5134,1,0
163,5137,0,2
168,5137,0,2
169,5139,0,2
164,5140,0,2
170,5142,0,2
165,5143,0,2
171,5144,0,2
166,5146,0,2
172,5147,0,2
167,5148,0,2
173,5149,0,2
169,5151,0,2
174,5152,0,2
170,5154,0,2
175,5154,0,2
176,5156,0,2
171,5157,0,2
173,5159,0,2
177,5159,0,2
179,5161,0,2
4358,5161,1,0
174,5162,0,2
180,5163,0,2
5434,5163,1,0
176,5165,0,2
181,5166,0,2
177,5168,0,2
183,5168,0,2
179,5170,0,2
2047,5171,1,0
2124,5171,1,0
2135,5171,1,0
185,5172,0,2
2065,5172,1,0
2160,5172,1,0
2204,5172,1,0
181,5173,0,2
2080,5173,1,0
2232,5173,1,0
187,5174,0,2
2255,5174,1,0
2296,5175,1,0
182,5176,0,2
188,5176,0,2
539,5176,1,0
2097,5176,1,0
4441,5177,1,0
184,5178,0,2
190,5178,0,2
2132,5178,1,0
2151,5178,1,0
5576,5178,1,0
2177,5179,1,0
2183,5179,1,0
5425,5179,1,0
191,5180,0,2
2186,5180,1,0
186,5181,0,2
531,5181,1,0
2255,5181,1,0
192,5182,0,2
2260,5182,1,0
194,5183,0,2
2307,5183,1,0
188,5184,0,2
2324,5184,1,0
195,5185,0,2
191,5187,0,2
197,5187,0,2
2400,5187,1,0
198,5188,0,2
2419,5188,1,0
193,5189,0,2
200,5190,0,2
2462,5191,1,0
201,5192,0,2
203,5193,0,2
198,5195,0,2
204,5195,0,2
206,5196,0,2
200,5197,0,2
4298,5197,1,0
207,5198,0,2
203,5200,0,2
209,5200,0,2
211,5201,0,2
205,5203,0,2
212,5203,0,2
214,5204,0,2
2467,5204,1,0
208,5205,0,2
216,5206,0,2
211,5207,0,2
2525,5207,1,0
218,5208,0,2
539,5208,1,0
5558,5208,1,0
214,5210,0,2
222,5211,0,2
2606,5211,1,0
216,5212,0,2
224,5212,0,2
219,5214,0,2
226,5214,0,2
4586,5214,1,0
229,5215,0,2
222,5216,0,2
231,5217,0,2
2704,5217,1,0
225,5218,0,2
233,5218,0,2
228,5220,0,2
236,5220,0,2
238,5221,0,2
2768,5221,1,0
230,5222,0,2
2793,5222,1,0
241,5223,0,2
233,5224,0,2
243,5224,0,2
246,5225,0,2
236,5226,0,2
239,5227,0,2
249,5227,0,2
2755,5227,1,0
2870,5227,1,0
252,5228,0,2
242,5229,0,2
245,5230,0,2
255,5230,0,2
2799,5230,1,0
258,5231,0,2
248,5232,0,2
261,5232,0,2
251,5233,0,2
2841,5233,1,0
264,5234,0,2
254,5235,0,2
267,5235,0,2
2877,5235,1,0
257,5236,0,2
270,5236,0,2
260,5237,0,2
274,5238,0,2
277,5239,0,2
267,5240,0,2
280,5240,0,2
270,5241,0,2
284,5241,0,2
273,5242,0,2
4554,5242,1,0
276,5243,0,2
290,5243,0,2
5384,5243,1,0
279,5244,0,2
293,5244,0,2
544,5244,1,0
283,5245,0,2
297,5245,0,2
286,5246,0,2
300,5246,0,2
303,5246,0,2
289,5247,0,2
306,5247,0,2
3069,5247,1,0
292,5248,0,2
309,5248,0,2
295,5249,0,2
312,5249,0,2
2983,5249,1,0
298,5250,0,2
316,5250,0,2
319,5250,0,2
3128,5250,1,0
302,5251,0,2
322,5251,0,2
5532,5251,1,0
305,5252,0,2
325,5252,0,2
308,5253,0,2
311,5253,0,2
329,5253,0,2
332,5253,0,2
314,5254,0,2
335,5254,0,2
3073,5254,1,0
318,5255,0,2
339,5255,0,2
3098,5255,1,0
321,5256,0,2
324,5256,0,2
342,5256,0,2
345,5256,0,2
328,5257,0,2
349,5257,0,2
331,5258,0,2
352,5258,0,2
334,5259,0,2
356,5259,0,2
359,5259,0,2
537,5259,1,0
5374,5259,1,0
338,5260,0,2
362,5260,0,2
345,5261,0,2
3197,5261,1,0
348,5262,0,2
369,5262,0,2
373,5262,0,2
352,5263,0,2
355,5263,0,2
376,5263,0,2
539,5263,1,0
3235,5263,1,0
359,5264,0,2
379,5264,0,2
362,5265,0,2
383,5265,0,2
386,5265,0,2
3270,5265,1,0
366,5266,0,2
389,5266,0,2
369,5267,0,2
373,5267,0,2
393,5267,0,2
377,5268,0,2
396,5268,0,2
3298,5268,1,0
380,5269,0,2
399,5269,0,2
403,5269,0,2
383,5270,0,2
406,5270,0,2
387,5271,0,2
390,5271,0,2
409,5271,0,2
3424,5271,1,0
4156,5271,1,0
394,5272,0,2
413,5272,0,2
416,5272,0,2
3293,5272,1,0
397,5273,0,2
419,5273,0,2
3383,5273,1,0
400,5274,0,2
404,5274,0,2
423,5274,0,2
3332,5274,1,0
407,5275,0,2
426,5275,0,2
410,5276,0,2
429,5276,0,2
3398,5276,1,0
5516,5276,1,0
414,5277,0,2
433,5277,0,2
3423,5277,1,0
417,5278,0,2
421,5278,0,2
436,5278,0,2
424,5279,0,2
439,5279,0,2
443,5280,0,2
432,5281,0,2
435,5282,0,2
449,5282,0,2
3528,5282,1,0
439,5283,0,2
453,5283,0,2
3572,5283,1,0
442,5284,0,2
456,5284,0,2
546,5284,1,0
446,5285,0,2
459,5285,0,2
540,5285,1,0
3637,5285,1,0
450,5287,0,2
463,5287,0,2
453,5288,0,2
466,5288,0,2
4303,5288,1,0
457,5289,0,2
469,5289,0,2
460,5291,0,2
472,5291,0,2
463,5292,0,2
475,5292,0,2
467,5293,0,2
479,5294,0,2
470,5295,0,2
482,5295,0,2
5352,5295,1,0
474,5296,0,2
3998,5296,1,0
485,5297,0,2
477,5298,0,2
488,5298,0,2
480,5299,0,2
491,5300,0,2
4263,5300,1,0
484,5301,0,2
494,5301,0,2
3854,5301,1,0
3897,5302,1,0
487,5303,0,2
497,5303,0,2
3963,5303,1,0
4008,5303,1,0
490,5304,0,2
4046,5304,1,0
500,5305,0,2
4119,5305,1,0
4480,5305,1,0
493,5306,0,2
503,5306,0,2
4158,5306,1,0
5498,5306,1,0
496,5307,0,2
506,5308,0,2
499,5309,0,2
509,5310,0,2
502,5311,0,2
512,5311,0,2
505,5312,0,2
515,5313,0,2
510,5315,0,2
518,5315,0,2
513,5317,0,2
516,5318,0,2
524,5318,0,2
519,5320,0,2
527,5320,0,2
530,5321,0,2
521,5322,0,2
524,5323,0,2
533,5323,0,2
527,5325,0,2
536,5325,0,2
530,5326,0,2
539,5326,0,2
533,5328,0,2
542,5328,0,2
545,5329,0,2
547,5329,1,0
536,5330,0,2
544,5330,1,0
4907,5330,0,2
538,5331,0,2
548,5331,0,2
4906,5332,0,2
541,5333,0,2
550,5333,0,2
544,5334,0,2
553,5334,0,2
547,5336,0,2
556,5336,0,2
4903,5336,0,2
551,5338,0,2
559,5338,0,2
4902,5338,0,2
562,5339,0,2
4901,5339,0,2
554,5340,0,2
557,5341,0,2
565,5341,0,2
4900,5341,0,2
568,5342,0,2
560,5343,0,2
4898,5343,0,2
571,5344,0,2
4897,5344,0,2
563,5345,0,2
574,5345,0,2
4896,5346,0,2
5320,5346,1,0
566,5347,0,2
577,5347,0,2
569,5348,0,2
4895,5348,0,2
547,5349,1,0
579,5349,0,2
4893,5349,0,2
572,5350,0,2
582,5350,0,2
4427,5350,1,0
4892,5351,0,2
576,5352,0,2
585,5352,0,2
4891,5352,0,2
589,5353,0,2
4890,5354,0,2
582,5355,0,2
585,5356,0,2
595,5356,0,2
4889,5356,0,2
5467,5356,1,0
598,5357,0,2
4887,5357,0,2
588,5358,0,2
591,5359,0,2
601,5359,0,2
4886,5359,0,2
604,5360,0,2
594,5361,0,2
607,5361,0,2
4885,5361,0,2
597,5362,0,2
610,5362,0,2
4883,5362,0,2
600,5363,0,2
614,5364,0,2
4882,5364,0,2
603,5365,0,2
617,5365,0,2
606,5366,0,2
620,5366,0,2
4881,5366,0,2
609,5367,0,2
623,5367,0,2
612,5368,0,2
626,5368,0,2
4879,5368,0,2
615,5369,0,2
630,5369,0,2
618,5370,0,2
633,5370,0,2
4878,5370,0,2
621,5371,0,2
636,5371,0,2
639,5371,0,2
624,5372,0,2
642,5372,0,2
4876,5372,0,2
627,5373,0,2
645,5373,0,2
648,5373,0,2
4875,5373,0,2
630,5374,0,2
651,5374,0,2
654,5374,0,2
633,5375,0,2
657,5375,0,2
661,5375,0,2
637,5376,0,2
640,5376,0,2
667,5376,0,2
553,5377,1,0
643,5377,0,2
670,5377,0,2
673,5377,0,2
676,5377,0,2
679,5377,0,2
4872,5377,0,2
646,5378,0,2
650,5378,0,2
682,5378,0,2
685,5378,0,2
688,5378,0,2
692,5379,0,2
695,5379,0,2
698,5379,0,2
701,5379,0,2
705,5379,0,2
708,5379,0,2
4394,5379,1,0
4871,5379,0,2
656,5380,0,2
660,5380,0,2
711,5380,0,2
714,5380,0,2
717,5380,0,2
720,5380,0,2
723,5380,0,2
726,5380,0,2
4870,5380,0,2
663,5381,0,2
666,5381,0,2
670,5381,0,2
729,5381,0,2
732,5381,0,2
735,5381,0,2
741,5381,0,2
744,5381,0,2
747,5381,0,2
750,5381,0,2
673,5382,0,2
676,5382,0,2
679,5382,0,2
753,5382,0,2
757,5382,0,2
760,5382,0,2
763,5382,0,2
766,5382,0,2
768,5382,0,2
771,5382,0,2
4868,5382,0,2
682,5383,0,2
686,5383,0,2
689,5383,0,2
692,5383,0,2
695,5383,0,2
774,5383,0,2
777,5383,0,2
780,5383,0,2
783,5383,0,2
786,5383,0,2
789,5383,0,2
791,5383,0,2
698,5384,0,2
701,5384,0,2
705,5384,0,2
708,5384,0,2
711,5384,0,2
714,5384,0,2
794,5384,0,2
797,5384,0,2
801,5384,0,2
804,5384,0,2
807,5384,0,2
4867,5384,0,2
717,5385,0,2
720,5385,0,2
723,5385,0,2
729,5385,0,2
732,5385,0,2
735,5385,0,2
813,5385,0,2
817,5385,0,2
820,5385,0,2
824,5385,0,2
827,5385,0,2
830,5385,0,2
738,5386,0,2
741,5386,0,2
744,5386,0,2
747,5386,0,2
750,5386,0,2
753,5386,0,2
834,5386,0,2
837,5386,0,2
841,5386,0,2
844,5386,0,2
848,5386,0,2
851,5386,0,2
4866,5386,0,2
757,5387,0,2
760,5387,0,2
763,5387,0,2
766,5387,0,2
770,5387,0,2
773,5387,0,2
855,5387,0,2
858,5387,0,2
861,5387,0,2
865,5387,0,2
4865,5387,0,2
777,5388,0,2
780,5388,0,2
784,5388,0,2
787,5388,0,2
791,5388,0,2
795,5388,0,2
868,5388,0,2
871,5388,0,2
875,5388,0,2
798,5389,0,2
802,5389,0,2
809,5389,0,2
812,5389,0,2
816,5389,0,2
878,5389,0,2
881,5389,0,2
884,5389,0,2
4863,5389,0,2
819,5390,0,2
823,5390,0,2
826,5390,0,2
829,5390,0,2
833,5390,0,2
891,5390,0,2
836,5391,0,2
840,5391,0,2
843,5391,0,2
846,5391,0,2
850,5391,0,2
853,5391,0,2
894,5391,0,2
897,5391,0,2
4862,5391,0,2
856,5392,0,2
860,5392,0,2
863,5392,0,2
866,5392,0,2
869,5392,0,2
900,5392,0,2
4861,5392,0,2
872,5393,0,2
876,5393,0,2
879,5393,0,2
903,5393,0,2
906,5393,0,2
882,5394,0,2
909,5394,0,2
4860,5394,0,2
888,5395,0,2
891,5395,0,2
912,5395,0,2
894,5396,0,2
897,5396,0,2
915,5396,0,2
4858,5396,0,2
900,5397,0,2
918,5397,0,2
4857,5397,0,2
903,5398,0,2
906,5398,0,2
921,5398,0,2
909,5399,0,2
924,5399,0,2
4856,5399,0,2
912,5400,0,2
927,5400,0,2
4855,5400,0,2
915,5401,0,2
930,5401,0,2
918,5402,0,2
932,5402,0,2
4853,5402,0,2
921,5403,0,2
924,5404,0,2
935,5404,0,2
4852,5404,0,2
927,5405,0,2
938,5405,0,2
4851,5405,0,2
929,5406,0,2
4850,5406,0,2
932,5407,0,2
941,5407,0,2
944,5408,0,2
4849,5408,0,2
935,5409,0,2
4848,5409,0,2
937,5410,0,2
946,5410,0,2
940,5411,0,2
949,5411,0,2
4847,5411,0,2
4846,5412,0,2
943,5413,0,2
952,5413,0,2
945,5414,0,2
954,5414,0,2
4843,5415,0,2
947,5416,0,2
957,5416,0,2
950,5417,0,2
4842,5417,0,2
952,5419,0,2
4841,5419,0,2
961,5420,0,2
568,5421,1,0
964,5421,0,2
4839,5421,0,2
956,5422,0,2
4838,5422,0,2
959,5423,0,2
966,5423,0,2
4837,5424,0,2
961,5425,0,2
968,5425,0,2
4835,5426,0,2
963,5427,0,2
970,5427,0,2
965,5428,0,2
4834,5428,0,2
972,5429,0,2
581,5430,1,0
967,5430,0,2
974,5430,0,2
4832,5430,0,2
969,5432,0,2
976,5432,0,2
4831,5432,0,2
5260,5433,1,0
971,5434,0,2
978,5434,0,2
4829,5434,0,2
972,5435,0,2
979,5436,0,2
4828,5436,0,2
974,5437,0,2
981,5438,0,2
4826,5438,0,2
976,5439,0,2
983,5440,0,2
4825,5440,0,2
978,5441,0,2
984,5442,0,2
4823,5442,0,2
979,5443,0,2
986,5444,0,2
4822,5444,0,2
981,5445,0,2
987,5446,0,2
4820,5446,0,2
983,5447,0,2
989,5448,0,2
4818,5448,0,2
984,5449,0,2
990,5450,0,2
4817,5450,0,2
986,5451,0,2
992,5452,0,2
4815,5452,0,2
988,5454,0,2
993,5454,0,2
4814,5455,0,2
989,5456,0,2
994,5456,0,2
588,5457,1,0
4812,5457,0,2
409,5458,1,0
991,5458,0,2
996,5458,0,2
4811,5459,0,2
997,5460,0,2
992,5461,0,2
998,5462,0,2
993,5463,0,2
4807,5463,0,2
995,5465,0,2
4806,5465,0,2
1001,5467,0,2
4804,5467,0,2
1002,5469,0,2
4803,5469,0,2
998,5470,0,2
4801,5471,0,2
1003,5472,0,2
999,5473,0,2
4800,5473,0,2
1004,5474,0,2
4799,5474,0,2
1000,5476,0,2
4797,5476,0,2
1006,5477,0,2
1001,5478,0,2
4796,5478,0,2
1007,5479,0,2
4794,5480,0,2
1002,5481,0,2
1008,5482,0,2
4793,5482,0,2
1004,5483,0,2
5412,5483,1,0
1009,5484,0,2
4792,5484,0,2
4790,5485,0,2
1005,5486,0,2
1010,5487,0,2
4789,5487,0,2
1006,5488,0,2
1011,5489,0,2
4788,5489,0,2
1007,5491,0,2
4786,5491,0,2
1012,5492,0,2
4785,5493,0,2
1008,5494,0,2
1013,5494,0,2
4783,5495,0,2
1009,5496,0,2
1014,5497,0,2
4780,5498,0,4
443,5499,1,0
1010,5499,0,2
1015,5499,0,2
5401,5499,1,0
4779,5500,0,2
1012,5502,0,2
1016,5502,0,2
4778,5502,0,2
1013,5504,0,2
1017,5504,0,2
4776,5504,0,2
1014,5507,0,2
1019,5507,0,2
4773,5508,0,2
1020,5509,0,2
1015,5510,0,2
4772,5510,0,2
1016,5512,0,2
1021,5512,0,2
4770,5512,0,2
449,5513,1,0
1022,5514,0,2
4768,5514,0,2
1017,5515,0,2
880,5516,1,0
1023,5516,0,2
1019,5517,0,2
4767,5517,0,2
1024,5518,0,2
4765,5519,0,2
468,5520,1,0
1020,5520,0,2
1025,5520,0,2
4764,5521,0,2
1021,5522,0,2
879,5523,1,0
4762,5523,0,2
1022,5525,0,2
1027,5525,0,2
4760,5525,0,2
1024,5527,0,2
1028,5527,0,2
4759,5527,0,2
1029,5529,0,2
4757,5529,0,2
5378,5529,1,0
1025,5530,0,2
1031,5531,0,2
4756,5531,0,2
1032,5533,0,2
4754,5533,0,2
1028,5534,0,2
4753,5535,0,2
5188,5535,1,0
1029,5536,0,2
1034,5536,0,2
927,5537,1,0
4751,5537,0,2
1035,5538,0,2
1030,5539,0,2
4749,5539,0,2
1036,5540,0,2
1032,5541,0,2
4748,5541,0,2
1038,5542,0,2
2984,5542,0,2
2985,5542,0,4
2986,5542,0,2
502,5543,1,0
1033,5543,0,2
2984,5543,0,2
2986,5543,0,4
4746,5543,0,2
491,5544,1,0
1039,5544,0,2
2984,5544,0,2
2986,5544,0,2
1034,5545,0,2
2984,5545,0,2
2986,5545,0,4
1041,5546,0,2
2984,5546,0,2
2986,5546,0,2
4745,5546,0,2
1036,5547,0,2
1042,5547,0,2
2984,5547,0,2
2984,5548,0,2
2986,5548,0,2
4743,5548,0,2
1038,5549,0,2
1043,5549,0,2
2986,5549,0,2
2984,5550,0,2
4742,5550,0,2
943,5551,1,0
1039,5551,0,2
1045,5551,0,2
2984,5551,0,2
1041,5552,0,2
1046,5552,0,2
2984,5552,0,2
2985,5552,0,2
4740,5552,0,2
1043,5554,0,2
1047,5554,0,2
2984,5554,0,2
2985,5554,0,2
4738,5554,0,2
1049,5555,0,2
995,5556,1,0
1044,5556,0,2
1050,5556,0,2
2985,5556,0,2
2984,5557,0,2
1046,5558,0,2
1051,5558,0,2
2985,5558,0,2
4735,5558,0,2
1053,5559,0,2
1048,5560,0,2
2983,5560,0,2
2985,5560,0,2
1050,5561,0,2
1054,5561,0,2
4733,5561,0,2
1056,5562,0,2
2983,5562,0,2
2985,5562,0,2
548,5563,1,0
992,5563,1,0
1051,5563,0,2
1058,5563,0,2
4731,5563,0,2
2983,5564,0,2
2985,5564,0,2
1053,5565,0,2
2983,5565,0,2
4730,5565,0,2
536,5566,1,0
1055,5566,0,2
1062,5566,0,3
2985,5566,0,2
1109,5567,1,0
2983,5567,0,2
4728,5567,0,2
1057,5568,0,2
1064,5568,0,2
1059,5569,0,2
1067,5569,0,2
2983,5569,0,2
2985,5569,0,2
4726,5569,0,2
5348,5569,1,0
1004,5570,1,0
1035,5570,1,0
1149,5570,1,0
1061,5571,0,2
1069,5571,0,2
2983,5571,0,2
2984,5571,0,2
4724,5571,0,2
1063,5572,0,2
1071,5572,0,2
1065,5573,0,2
1074,5573,0,2
2982,5573,0,2
4723,5573,0,2
1069,5574,1,0
2984,5574,0,2
1067,5575,0,2
1076,5575,0,2
1103,5575,1,0
2982,5575,0,2
4721,5575,0,2
1078,5576,0,2
2984,5576,0,2
1072,5577,0,2
1081,5577,0,2
1121,5577,1,0
2982,5577,0,2
4719,5577,0,2
1007,5578,1,0
1083,5578,0,2
1148,5578,1,0
1074,5579,0,2
1085,5579,0,2
2983,5579,0,2
4717,5579,0,2
1076,5580,0,2
2981,5580,0,2
4716,5580,0,2
578,5581,1,0
1078,5581,0,2
1090,5581,0,2
1165,5581,1,0
2983,5581,0,2
1081,5582,0,2
1092,5582,0,2
2981,5582,0,2
4714,5582,0,2
1083,5583,0,2
1094,5583,0,2
1086,5584,0,2
1097,5584,0,2
1099,5584,0,2
2982,5584,0,2
4712,5584,0,2
618,5585,1,0
1088,5585,0,2
1102,5585,0,2
2980,5585,0,2
1090,5586,0,2
1104,5586,0,2
1106,5586,0,2
1129,5586,1,0
2982,5586,0,2
4710,5586,0,2
1093,5587,0,2
1109,5587,0,2
2980,5587,0,2
4708,5587,0,2
5149,5587,1,0
1095,5588,0,2
1112,5588,0,2
1114,5588,0,2
1213,5588,1,0
1098,5589,0,2
1100,5589,0,2
1117,5589,0,2
1120,5589,0,2
2979,5589,0,2
2981,5589,0,2
4707,5589,0,2
1103,5590,0,2
1122,5590,0,2
1125,5590,0,2
1176,5590,1,0
5332,5590,1,0
1105,5591,0,2
1107,5591,0,2
1128,5591,0,2
1131,5591,0,2
2978,5591,0,2
2980,5591,0,2
4705,5591,0,2
1110,5592,0,2
1134,5592,0,2
1136,5592,0,2
4703,5592,0,2
1112,5593,0,2
1115,5593,0,2
1139,5593,0,2
1142,5593,0,2
2979,5593,0,2
1117,5594,0,2
1120,5594,0,2
1144,5594,0,2
1147,5594,0,2
2977,5594,0,2
4701,5594,0,2
1122,5595,0,2
1153,5595,0,2
1156,5595,0,2
4700,5595,0,2
661,5596,1,0
1127,5596,0,2
1129,5596,0,2
1132,5596,0,2
1158,5596,0,2
1161,5596,0,2
2976,5596,0,2
2978,5596,0,2
4698,5596,0,2
1134,5597,0,2
1137,5597,0,2
1164,5597,0,2
1167,5597,0,2
1139,5598,0,2
1142,5598,0,2
1144,5598,0,2
1170,5598,0,2
1173,5598,0,2
1177,5598,0,2
1217,5598,1,0
2975,5598,0,2
2977,5598,0,2
4697,5598,0,2
5141,5598,1,0
1147,5599,0,2
1149,5599,0,2
1180,5599,0,2
1183,5599,0,2
648,5600,1,0
1152,5600,0,2
1154,5600,0,2
1157,5600,0,2
1186,5600,0,2
1189,5600,0,2
2974,5600,0,2
2975,5600,0,2
4694,5600,0,2
1160,5601,0,2
1162,5601,0,2
1165,5601,0,2
1192,5601,0,2
1195,5601,0,2
4692,5601,0,2
1168,5602,0,2
1171,5602,0,2
1198,5602,0,2
1202,5602,0,2
2972,5602,0,2
4691,5602,0,2
1173,5603,0,2
1176,5603,0,2
1205,5603,0,2
1208,5603,0,2
4689,5603,0,2
1179,5604,0,2
1182,5604,0,2
1185,5604,0,2
1211,5604,0,2
1214,5604,0,2
2971,5604,0,2
2973,5604,0,2
1190,5605,0,2
1218,5605,0,2
1221,5605,0,2
4688,5605,0,2
1193,5606,0,2
1196,5606,0,2
1227,5606,0,2
2971,5606,0,2
4686,5606,0,2
1199,5607,0,2
1202,5607,0,2
1205,5607,0,2
1231,5607,0,2
1234,5607,0,2
2968,5607,0,2
4685,5607,0,2
711,5608,1,0
1208,5608,0,2
1211,5608,0,2
1237,5608,0,2
1241,5608,0,2
2970,5608,0,2
4683,5608,0,2
1214,5609,0,2
1217,5609,0,2
1244,5609,0,2
1247,5609,0,2
2966,5609,0,2
4682,5609,0,2
1221,5610,0,2
1250,5610,0,2
1254,5610,0,2
2968,5610,0,2
4680,5610,0,2
1224,5611,0,2
1227,5611,0,2
1257,5611,0,2
1260,5611,0,2
2965,5611,0,2
4679,5611,0,2
1230,5612,0,2
1233,5612,0,2
1263,5612,0,2
1267,5612,0,2
1276,5612,1,0
2966,5612,0,2
4677,5612,0,2
700,5613,1,0
1237,5613,0,2
1240,5613,0,2
1270,5613,0,2
1273,5613,0,2
1276,5613,0,2
2963,5613,0,2
2964,5613,0,2
4675,5613,0,2
1243,5614,0,2
1246,5614,0,2
1279,5614,0,2
1282,5614,0,2
2961,5614,0,2
1250,5615,0,2
1253,5615,0,2
1286,5615,0,2
1289,5615,0,2
1292,5615,0,2
2963,5615,0,2
4673,5615,0,2
1256,5616,0,2
1260,5616,0,2
1295,5616,0,2
1298,5616,0,2
2959,5616,0,2
2961,5616,0,2
4672,5616,0,2
5310,5616,1,0
1267,5617,0,2
1301,5617,0,2
2957,5617,0,2
4670,5617,0,2
1270,5618,0,2
1274,5618,0,2
1307,5618,0,2
1311,5618,0,2
2959,5618,0,2
4667,5618,0,2
1278,5619,0,2
1314,5619,0,2
1317,5619,0,2
2955,5619,0,2
1281,5620,0,2
1285,5620,0,2
1289,5620,0,2
1292,5620,0,2
1320,5620,0,2
1324,5620,0,2
2952,5620,0,2
2956,5620,0,2
4665,5620,0,2
5124,5620,1,0
1278,5621,1,0
1296,5621,0,2
1299,5621,0,2
1327,5621,0,2
1330,5621,0,2
2950,5621,0,2
2954,5621,0,2
4663,5621,0,2
1303,5622,0,2
1306,5622,0,2
1333,5622,0,2
1336,5622,0,2
2952,5622,0,2
4660,5622,0,2
1310,5623,0,2
1340,5623,0,2
1343,5623,0,2
2948,5623,0,2
2950,5623,0,2
1313,5624,0,2
1317,5624,0,2
1346,5624,0,2
1349,5624,0,2
2946,5624,0,2
4658,5624,0,2
746,5625,1,0
1320,5625,0,2
1324,5625,0,2
1352,5625,0,2
1355,5625,0,2
2943,5625,0,2
2947,5625,0,2
4655,5625,0,2
5301,5625,1,0
784,5626,1,0
1327,5626,0,2
1330,5626,0,2
1358,5626,0,2
1361,5626,0,2
2941,5626,0,2
2945,5626,0,2
4653,5626,0,2
1334,5627,0,2
1337,5627,0,2
1365,5627,0,2
1368,5627,0,2
2938,5627,0,2
2943,5627,0,2
1340,5628,0,2
1343,5628,0,2
1371,5628,0,2
1374,5628,0,2
2936,5628,0,2
2940,5628,0,2
4650,5628,0,2
5298,5628,2,0
5299,5628,20,0
5300,5628,8,0
1349,5629,0,2
1352,5629,0,2
1377,5629,0,2
1380,5629,0,2
2934,5629,0,2
2938,5629,0,2
1355,5630,0,2
1358,5630,0,2
1386,5630,0,2
1389,5630,0,2
2931,5630,0,2
2935,5630,0,2
4645,5630,0,2
1360,5631,0,2
1363,5631,0,2
1392,5631,0,2
1395,5631,0,2
2929,5631,0,2
2933,5631,0,2
4643,5631,0,2
805,5632,1,0
1365,5632,0,2
1368,5632,0,2
1370,5632,0,2
1372,5632,0,2
1398,5632,0,2
1401,5632,0,2
2926,5632,0,2
4640,5632,0,2
1311,5633,1,0
1374,5633,0,2
1376,5633,0,2
1378,5633,0,2
1379,5633,0,2
1404,5633,0,2
1407,5633,0,2
1410,5633,0,2
2924,5633,0,2
2930,5633,0,2
1380,5634,0,2
1381,5634,0,2
1382,5634,0,2
1383,5634,0,2
1384,5634,0,2
1385,5634,0,2
1386,5634,0,2
1412,5634,0,2
1415,5634,0,2
2928,5634,0,2
4638,5634,0,2
1387,5635,0,2
1388,5635,0,2
1391,5635,0,2
1418,5635,0,2
1421,5635,0,2
2922,5635,0,2
2925,5635,0,2
4635,5635,0,2
1393,5636,0,2
1395,5636,0,2
1397,5636,0,2
1423,5636,0,2
1426,5636,0,2
1428,5636,0,2
2919,5636,0,2
4632,5636,0,2
1399,5637,0,2
1401,5637,0,2
1404,5637,0,2
1431,5637,0,2
1433,5637,0,2
1435,5637,0,2
2920,5637,0,2
4630,5637,0,2
1406,5638,0,2
1409,5638,0,2
1412,5638,0,2
1438,5638,0,2
1440,5638,0,2
2915,5638,0,2
4624,5638,0,2
4627,5638,0,2
1415,5639,0,2
1418,5639,0,2
1443,5639,0,2
1445,5639,0,2
2913,5639,0,2
2917,5639,0,2
4622,5639,0,2
1421,5640,0,2
1424,5640,0,2
1450,5640,0,2
1453,5640,0,2
1456,5640,0,2
2911,5640,0,2
2915,5640,0,2
4619,5640,0,2
1428,5641,0,2
1431,5641,0,2
1458,5641,0,2
1461,5641,0,2
2913,5641,0,2
4617,5641,0,2
1434,5642,0,2
1438,5642,0,2
1464,5642,0,2
1467,5642,0,2
2909,5642,0,2
2910,5642,0,2
4614,5642,0,2
1441,5643,0,2
1444,5643,0,2
1470,5643,0,2
1472,5643,0,2
2907,5643,0,2
4609,5643,0,2
4611,5643,0,2
1448,5644,0,2
1451,5644,0,2
1475,5644,0,2
1478,5644,0,2
2905,5644,0,2
2908,5644,0,2
4606,5644,0,2
820,5645,1,0
1455,5645,0,2
1481,5645,0,2
1484,5645,0,2
2906,5645,0,2
4602,5645,0,2
4604,5645,0,2
1462,5646,0,2
1465,5646,0,2
1487,5646,0,2
2903,5646,0,2
4597,5646,0,2
4599,5646,0,2
1469,5647,0,2
1490,5647,0,2
1493,5647,0,2
2901,5647,0,2
2903,5647,0,2
4592,5647,0,2
4594,5647,0,2
1472,5648,0,2
1476,5648,0,2
1496,5648,0,2
2899,5648,0,2
4589,5648,0,2
1479,5649,0,2
1483,5649,0,2
1499,5649,0,2
1502,5649,0,2
2901,5649,0,2
4580,5649,0,2
4582,5649,0,2
4585,5649,0,2
1486,5650,0,2
1505,5650,0,2
2898,5650,0,2
2899,5650,0,2
4573,5650,0,2
4576,5650,0,2
4578,5650,0,2
1490,5651,0,2
1509,5651,0,2
2896,5651,0,2
4561,5651,0,2
4564,5651,0,2
4566,5651,0,2
4568,5651,0,2
4571,5651,0,2
1494,5652,0,2
1512,5652,0,2
2895,5652,0,2
2897,5652,0,2
4277,5652,0,2
4279,5652,0,2
4280,5652,0,2
4281,5652,0,2
4282,5652,0,2
4283,5652,0,2
4284,5652,0,2
4285,5652,0,2
4286,5652,0,2
4287,5652,0,2
4288,5652,0,2
4289,5652,0,6
4290,5652,0,4
4291,5652,0,4
4292,5652,0,4
4293,5652,0,2
4294,5652,0,4
4295,5652,0,2
4296,5652,0,2
4297,5652,0,2
4298,5652,0,2
4299,5652,0,2
4300,5652,0,2
4301,5652,0,4
4302,5652,0,2
4303,5652,0,4
4304,5652,0,4
4305,5652,0,6
4306,5652,0,2
4308,5652,0,2
4309,5652,0,2
4310,5652,0,2
4311,5652,0,2
4313,5652,0,2
4314,5652,0,2
4315,5652,0,2
4317,5652,0,2
4318,5652,0,2
4320,5652,0,2
4321,5652,0,2
4323,5652,0,2
4324,5652,0,2
4326,5652,0,2
4328,5652,0,2
4330,5652,0,2
4332,5652,0,2
4334,5652,0,2
4336,5652,0,2
4339,5652,0,2
4341,5652,0,2
4344,5652,0,2
4346,5652,0,2
4351,5652,0,2
4353,5652,0,2
4355,5652,0,2
4357,5652,0,2
4359,5652,0,2
4360,5652,0,2
4362,5652,0,2
4364,5652,0,2
4366,5652,0,2
4367,5652,0,2
4369,5652,0,2
4371,5652,0,2
4372,5652,0,2
4374,5652,0,2
4376,5652,0,2
4378,5652,0,2
4380,5652,0,2
4382,5652,0,2
4384,5652,0,2
4386,5652,0,2
4388,5652,0,2
4390,5652,0,2
4392,5652,0,2
4397,5652,0,2
4399,5652,0,2
4402,5652,0,2
4404,5652,0,2
4406,5652,0,2
4409,5652,0,2
4411,5652,0,2
4413,5652,0,2
4416,5652,0,2
4419,5652,0,2
4421,5652,0,2
4424,5652,0,2
4427,5652,0,2
4430,5652,0,2
4433,5652,0,2
4436,5652,0,2
4438,5652,0,2
4441,5652,0,2
4444,5652,0,2
4447,5652,0,2
4450,5652,0,2
4452,5652,0,2
4455,5652,0,2
4458,5652,0,2
4463,5652,0,2
4466,5652,0,2
4469,5652,0,2
4472,5652,0,2
4475,5652,0,2
4478,5652,0,2
4480,5652,0,2
4483,5652,0,2
4486,5652,0,2
4489,5652,0,2
4491,5652,0,2
4494,5652,0,2
4497,5652,0,2
4500,5652,0,2
4503,5652,0,2
4506,5652,0,2
4508,5652,0,2
4511,5652,0,2
4514,5652,0,2
4516,5652,0,2
4519,5652,0,2
4522,5652,0,2
4524,5652,0,2
4530,5652,0,2
4532,5652,0,2
4535,5652,0,2
4538,5652,0,2
4540,5652,0,2
4543,5652,0,2
4546,5652,0,2
4548,5652,0,2
4551,5652,0,2
4554,5652,0,2
4556,5652,0,2
4559,5652,0,2
1497,5653,0,2
4261,5653,0,2
4267,5653,0,2
4269,5653,0,2
4272,5653,0,2
4274,5653,0,2
4276,5653,0,2
688,5654,1,0
1501,5654,0,2
1518,5654,0,2
2893,5654,0,2
2896,5654,0,2
4253,5654,0,2
4256,5654,0,2
4258,5654,0,2
1505,5655,0,2
1521,5655,0,2
2892,5655,0,2
4245,5655,0,2
4247,5655,0,2
4250,5655,0,2
1326,5656,1,0
1508,5656,0,2
1524,5656,0,2
1526,5656,0,2
2894,5656,0,2
4239,5656,0,2
4242,5656,0,2
1512,5657,0,2
1529,5657,0,2
2891,5657,0,2
4233,5657,0,2
4236,5657,0,2
1516,5658,0,2
1532,5658,0,2
2889,5658,0,2
2892,5658,0,2
4231,5658,0,2
1519,5659,0,2
1535,5659,0,2
4225,5659,0,2
4228,5659,0,2
1523,5660,0,2
1538,5660,0,2
2888,5660,0,2
2890,5660,0,1
4222,5660,0,2
1527,5661,0,2
1541,5661,0,2
2887,5661,0,2
4216,5661,0,2
4219,5661,0,2
1530,5662,0,2
1543,5662,0,2
2889,5662,0,2
4214,5662,0,2
1546,5663,0,2
2886,5663,0,2
4211,5663,0,2
1533,5664,0,2
1549,5664,0,2
2887,5664,0,2
4208,5664,0,2
1537,5665,0,2
1551,5665,0,2
2885,5665,0,2
4205,5665,0,2
1540,5666,0,2
1554,5666,0,2
2883,5666,0,2
2885,5666,0,2
4203,5666,0,2
1556,5667,0,2
4200,5667,0,2
1547,5668,0,2
1559,5668,0,2
2882,5668,0,2
2884,5668,0,2
1550,5669,0,2
1562,5669,0,2
4194,5669,0,2
1553,5670,0,2
1564,5670,0,2
1567,5670,0,2
2883,5670,0,2
4191,5670,0,2
1569,5671,0,2
4188,5671,0,2
1556,5672,0,2
1572,5672,0,2
2881,5672,0,2
5084,5672,1,0
1353,5673,1,0
1560,5673,0,2
1574,5673,0,2
2880,5673,0,2
2882,5673,0,2
4185,5673,0,2
1563,5674,0,2
1577,5674,0,2
4182,5674,0,2
1566,5675,0,2
2879,5675,0,2
2881,5675,0,2
4179,5675,0,2
1569,5676,0,2
1582,5676,0,2
1584,5676,0,2
4177,5676,0,2
1573,5677,0,2
1587,5677,0,2
2878,5677,0,2
4174,5677,0,2
1576,5678,0,2
1590,5678,0,2
2878,5678,0,2
4171,5678,0,2
1579,5679,0,2
1592,5679,0,2
4168,5679,0,2
1583,5680,0,2
1595,5680,0,2
2877,5680,0,2
2879,5680,0,2
4166,5680,0,2
1598,5681,0,2
4163,5681,0,2
1586,5682,0,2
1600,5682,0,2
2876,5682,0,2
4161,5682,0,2
1590,5683,0,2
1603,5683,0,2
2878,5683,0,2
4156,5683,0,2
4158,5683,0,2
1593,5684,0,2
1606,5684,0,2
2876,5684,0,2
4153,5684,0,2
1597,5685,0,2
1608,5685,0,2
2877,5685,0,2
4151,5685,0,2
1611,5686,0,2
2875,5686,0,2
4149,5686,0,2
1600,5687,0,2
1614,5687,0,2
2875,5687,0,2
4146,5687,0,2
1604,5688,0,2
1617,5688,0,2
1620,5688,0,2
2876,5688,0,2
4142,5688,0,2
4144,5688,0,2
755,5689,1,0
1608,5689,0,2
1623,5689,0,2
2875,5689,0,2
4140,5689,0,2
1611,5690,0,2
1625,5690,0,2
2876,5690,0,2
4137,5690,0,2
5071,5690,1,0
1615,5691,0,2
1628,5691,0,2
2874,5691,0,2
4135,5691,0,2
1619,5692,0,2
1631,5692,0,2
1634,5692,0,2
1637,5693,0,2
2874,5693,0,2
2875,5693,0,2
4130,5693,0,2
1623,5694,0,2
1640,5694,0,2
4128,5694,0,2
1626,5695,0,2
1643,5695,0,2
2874,5695,0,2
4125,5695,0,2
751,5696,1,0
1649,5696,0,2
2873,5696,0,2
2875,5696,0,2
4123,5696,0,2
1634,5697,0,2
1652,5697,0,2
1655,5697,0,2
4120,5697,0,2
1638,5698,0,2
1658,5698,0,2
2873,5698,0,2
4118,5698,0,2
1642,5699,0,2
1661,5699,0,2
1664,5699,0,2
2875,5699,0,2
4115,5699,0,2
1645,5700,0,2
1667,5700,0,2
1670,5700,0,2
2873,5700,0,2
4113,5700,0,2
1649,5701,0,2
1653,5701,0,2
1673,5701,0,2
1675,5701,0,2
4110,5701,0,2
1657,5702,0,2
1678,5702,0,2
1681,5702,0,2
2873,5702,0,2
2875,5702,0,2
4108,5702,0,2
1660,5703,0,2
1684,5703,0,2
1687,5703,0,2
4105,5703,0,2
779,5704,1,0
1374,5704,1,0
1664,5704,0,2
1667,5704,0,2
1690,5704,0,2
2873,5704,0,2
2875,5704,0,2
4103,5704,0,2
1671,5705,0,2
1693,5705,0,2
1696,5705,0,2
4100,5705,0,2
1674,5706,0,2
1678,5706,0,2
1698,5706,0,2
1701,5706,0,2
2873,5706,0,2
4096,5706,0,2
4098,5706,0,2
1681,5707,0,2
1704,5707,0,2
1707,5707,0,2
2875,5707,0,2
4093,5707,0,2
1685,5708,0,2
1688,5708,0,2
1710,5708,0,2
1713,5708,0,2
2873,5708,0,2
4091,5708,0,2
1691,5709,0,2
1718,5709,0,2
2873,5709,0,2
4088,5709,0,2
1695,5710,0,2
1698,5710,0,2
1721,5710,0,2
1724,5710,0,2
2875,5710,0,2
4086,5710,0,2
1701,5711,0,2
1704,5711,0,2
1726,5711,0,2
1729,5711,0,2
2874,5711,0,2
4083,5711,0,2
1708,5712,0,2
1731,5712,0,2
1734,5712,0,2
4081,5712,0,2
1711,5713,0,2
1736,5713,0,2
1739,5713,0,2
2875,5713,0,2
4079,5713,0,2
1718,5714,0,2
1721,5714,0,2
1742,5714,0,2
1744,5714,0,2
2874,5714,0,2
4077,5714,0,2
1724,5715,0,2
1747,5715,0,2
1749,5715,0,2
2876,5715,0,2
1728,5716,0,2
1731,5716,0,2
1752,5716,0,2
1754,5716,0,2
2874,5716,0,2
4070,5716,0,2
4072,5716,0,2
1734,5717,0,2
1757,5717,0,2
1759,5717,0,2
4068,5717,0,2
1738,5718,0,2
1741,5718,0,2
1762,5718,0,2
1765,5718,0,2
2875,5718,0,2
2876,5718,0,2
4066,5718,0,2
1745,5719,0,2
1767,5719,0,2
1770,5719,0,2
4062,5719,0,2
4064,5719,0,2
792,5720,1,0
1374,5720,1,0
1748,5720,0,2
1752,5720,0,2
1772,5720,0,2
1775,5720,0,2
2875,5720,0,2
4060,5720,0,2
1755,5721,0,2
1778,5721,0,2
2876,5721,0,2
2877,5721,0,2
4058,5721,0,2
1759,5722,0,2
1762,5722,0,2
1783,5722,0,2
1786,5722,0,2
4056,5722,0,2
1766,5723,0,2
1769,5723,0,2
1789,5723,0,2
1792,5723,0,2
2876,5723,0,2
4052,5723,0,2
4054,5723,0,2
1773,5724,0,2
1795,5724,0,2
1797,5724,0,2
2878,5724,0,2
4050,5724,0,2
1776,5725,0,2
1779,5725,0,2
1800,5725,0,2
1803,5725,0,2
2877,5725,0,2
4048,5725,0,2
1783,5726,0,2
1806,5726,0,2
2879,5726,0,2
4044,5726,0,2
4046,5726,0,2
1786,5727,0,2
1789,5727,0,2
1809,5727,0,2
1811,5727,0,1
2877,5727,0,2
4043,5727,0,2
1793,5728,0,2
1814,5728,0,2
1817,5728,0,2
4039,5728,0,2
4041,5728,0,2
1796,5729,0,2
1820,5729,0,2
1822,5729,0,2
2878,5729,0,2
2880,5729,0,2
4036,5729,0,2
4037,5729,0,2
1803,5730,0,2
1825,5730,0,2
1828,5730,0,2
4034,5730,0,2
1806,5731,0,2
1809,5731,0,2
1830,5731,0,2
1833,5731,0,2
2879,5731,0,2
2881,5731,0,2
4032,5731,0,2
5039,5731,1,0
1813,5732,0,2
1836,5732,0,2
4030,5732,0,2
1816,5733,0,2
1819,5733,0,2
1838,5733,0,2
1841,5733,0,2
2880,5733,0,2
1823,5734,0,2
1844,5734,0,2
2882,5734,0,2
4025,5734,0,2
1826,5735,0,2
1849,5735,0,2
2881,5735,0,2
4022,5735,0,1
1830,5736,0,2
1852,5736,0,2
1854,5736,0,2
2883,5736,0,2
4020,5736,0,2
1833,5737,0,2
1837,5737,0,2
1857,5737,0,2
1859,5737,0,2
2882,5737,0,2
4017,5737,0,1
1840,5738,0,2
1862,5738,0,2
4014,5738,0,2
1392,5739,1,0
1844,5739,0,2
1864,5739,0,2
1867,5739,0,2
2883,5739,0,2
2885,5739,0,2
4011,5739,0,2
1847,5740,0,2
1869,5740,0,2
1871,5740,0,2
2884,5740,0,2
4009,5740,0,2
841,5741,1,0
1851,5741,0,2
1873,5741,0,2
1875,5741,0,2
4006,5741,0,2
1854,5742,0,2
1877,5742,0,2
1879,5742,0,2
2885,5742,0,2
4004,5742,0,2
1858,5743,0,2
1881,5743,0,2
1883,5743,0,2
2888,5743,0,2
4001,5743,0,2
5030,5743,1,0
832,5744,1,0
1885,5744,0,2
1887,5744,0,2
2886,5744,0,2
3999,5744,0,2
1861,5745,0,2
1889,5745,0,2
2887,5745,0,2
2889,5745,0,2
3996,5745,0,2
1865,5746,0,2
1891,5746,0,2
1893,5746,0,2
3992,5746,0,2
3994,5746,0,2
1868,5747,0,2
1895,5747,0,2
1897,5747,0,2
2888,5747,0,2
2891,5747,0,2
3989,5747,0,2
1872,5748,0,2
1900,5748,0,2
2889,5748,0,2
3987,5748,0,2
1875,5749,0,2
1904,5749,0,2
2889,5749,0,2
2893,5749,0,2
3985,5749,0,2
1879,5750,0,2
1906,5750,0,2
2890,5750,0,2
3983,5750,0,2
1882,5751,0,2
1909,5751,0,2
2891,5751,0,2
2894,5751,0,2
3980,5751,0,2
1911,5752,0,2
1913,5752,0,2
3978,5752,0,2
1889,5753,0,2
1916,5753,0,2
2892,5753,0,2
2896,5753,0,2
3976,5753,0,2
1918,5754,0,2
2892,5754,0,4
3971,5754,0,2
1390,5755,1,0
1893,5755,0,2
1921,5755,0,2
2893,5755,0,2
2898,5755,0,2
3969,5755,0,2
1896,5756,0,2
1924,5756,0,2
1926,5756,0,2
2893,5756,0,2
2900,5756,0,2
3967,5756,0,2
1899,5757,0,2
1929,5757,0,2
2894,5757,0,4
3964,5757,0,2
1931,5758,0,2
2895,5758,0,2
2902,5758,0,2
3962,5758,0,2
1903,5759,0,2
1934,5759,0,2
2896,5759,0,2
2897,5759,0,2
3960,5759,0,2
1906,5760,0,2
1937,5760,0,2
2897,5760,0,2
2904,5760,0,2
3956,5760,0,2
3958,5760,0,2
5205,5760,1,0
1909,5761,0,2
1939,5761,0,2
2898,5761,0,2
2899,5761,0,2
2906,5761,0,2
3953,5761,0,2
1942,5762,0,2
2900,5762,0,4
2908,5762,0,2
3951,5762,0,2
1913,5763,0,2
1945,5763,0,2
2901,5763,0,6
2911,5763,0,2
3949,5763,0,2
1916,5764,0,2
1947,5764,0,2
2901,5764,0,2
2902,5764,0,416
3947,5764,0,2
1919,5765,0,2
1950,5765,0,2
2902,5765,0,94
2913,5765,0,2
3943,5765,0,2
3945,5765,0,2
1953,5766,0,2
2915,5766,0,2
3941,5766,0,2
1922,5767,0,2
1955,5767,0,2
2917,5767,0,2
2919,5767,0,2
3939,5767,0,2
1926,5768,0,2
1958,5768,0,2
2922,5768,0,2
2924,5768,0,2
3936,5768,0,2
3937,5768,0,2
1929,5769,0,2
1961,5769,0,2
2926,5769,0,2
2928,5769,0,2
3934,5769,0,2
1932,5770,0,2
1964,5770,0,2
2930,5770,0,2
3932,5770,0,2
2934,5771,0,2
2936,5771,0,2
3928,5771,0,2
3930,5771,0,2
1935,5772,0,2
1969,5772,0,2
2938,5772,0,2
2940,5772,0,2
3926,5772,0,2
1406,5773,1,0
1937,5773,0,2
1972,5773,0,2
2942,5773,0,2
2944,5773,0,2
3924,5773,0,2
1940,5774,0,2
1975,5774,0,2
2946,5774,0,2
2948,5774,0,2
1978,5775,0,2
2950,5775,0,2
2952,5775,0,2
3919,5775,0,2
1943,5776,0,2
1980,5776,0,2
2954,5776,0,2
2956,5776,0,2
3916,5776,0,2
1983,5777,0,2
2958,5777,0,2
3911,5777,0,2
3914,5777,0,2
1945,5778,0,2
1986,5778,0,2
2960,5778,0,2
3909,5778,0,2
2962,5779,0,2
3906,5779,0,2
1947,5780,0,2
1989,5780,0,2
2964,5780,0,2
3904,5780,0,2
1992,5781,0,2
2966,5781,0,2
3901,5781,0,2
1995,5782,0,2
2968,5782,0,2
3899,5782,0,2
1949,5783,0,2
1997,5783,0,2
2970,5783,0,2
3896,5783,0,2
2000,5784,0,2
2971,5784,0,2
3894,5784,0,2
4999,5784,1,0
2973,5785,0,2
3892,5785,0,2
1950,5786,0,2
2003,5786,0,2
3889,5786,0,2
2006,5787,0,2
2974,5787,0,2
3884,5787,0,2
3887,5787,0,2
1951,5788,0,2
2009,5788,0,2
3882,5788,0,2
2011,5789,0,2
3877,5789,0,2
3880,5789,0,2
2014,5790,0,2
2977,5790,0,2
3875,5790,0,2
2979,5791,0,2
3872,5791,0,2
2017,5792,0,2
3868,5792,0,2
3870,5792,0,2
2020,5793,0,2
2980,5793,0,2
3865,5793,0,2
1952,5794,0,2
2023,5794,0,2
3860,5794,0,2
1407,5795,1,0
2026,5795,0,2
2981,5795,0,2
3856,5795,0,2
3858,5795,0,2
2983,5796,0,2
3851,5796,0,2
3854,5796,0,2
1952,5797,0,2
2029,5797,0,2
3847,5797,0,2
3849,5797,0,2
2032,5798,0,2
2984,5798,0,2
3842,5798,0,2
3845,5798,0,2
3836,5799,0,2
3838,5799,0,2
3840,5799,0,2
1951,5800,0,2
2038,5800,0,2
2985,5800,0,2
3832,5800,0,2
3834,5800,0,2
3823,5801,0,2
3825,5801,0,2
3827,5801,0,2
3829,5801,0,2
1951,5802,0,2
2041,5802,0,2
2986,5802,0,2
3814,5802,0,2
3816,5802,0,2
3819,5802,0,2
3821,5802,0,2
2044,5803,0,2
3804,5803,0,2
3807,5803,0,2
3812,5803,0,2
2047,5804,0,2
2987,5804,0,2
3782,5804,0,2
3785,5804,0,2
3787,5804,0,2
3790,5804,0,2
3792,5804,0,2
3794,5804,0,2
3797,5804,0,2
3799,5804,0,2
3802,5804,0,2
1950,5805,0,2
2050,5805,0,2
3722,5805,0,2
3725,5805,0,2
3727,5805,0,2
3729,5805,0,2
3732,5805,0,2
3734,5805,0,2
3736,5805,0,2
3739,5805,0,2
3741,5805,0,2
3744,5805,0,2
3747,5805,0,2
3752,5805,0,2
3755,5805,0,2
3758,5805,0,2
3761,5805,0,2
3764,5805,0,2
3766,5805,0,2
3769,5805,0,2
3771,5805,0,2
3773,5805,0,2
3776,5805,0,2
3778,5805,0,2
3780,5805,0,2
2988,5806,0,2
3675,5806,0,2
3678,5806,0,2
3681,5806,0,2
3684,5806,0,2
3687,5806,0,2
3693,5806,0,2
3696,5806,0,2
3699,5806,0,2
3702,5806,0,2
3705,5806,0,2
3708,5806,0,2
3710,5806,0,2
3713,5806,0,2
3715,5806,0,2
3718,5806,0,2
3720,5806,0,2
1948,5807,0,2
2053,5807,0,2
3613,5807,0,2
3616,5807,0,2
3619,5807,0,2
3622,5807,0,2
3625,5807,0,2
3628,5807,0,2
3631,5807,0,2
3634,5807,0,2
3638,5807,0,2
3641,5807,0,2
3644,5807,0,2
3648,5807,0,2
3651,5807,0,2
3655,5807,0,2
3658,5807,0,2
3662,5807,0,2
3665,5807,0,2
3669,5807,0,2
3672,5807,0,2
1422,5808,1,0
2056,5808,0,2
2988,5808,0,2
3561,5808,0,2
3564,5808,0,2
3567,5808,0,2
3570,5808,0,2
3573,5808,0,2
3576,5808,0,2
3579,5808,0,2
3582,5808,0,2
3585,5808,0,2
3587,5808,0,2
3590,5808,0,2
3593,5808,0,2
3595,5808,0,2
3598,5808,0,2
3601,5808,0,2
3604,5808,0,2
3607,5808,0,2
2059,5809,0,2
3490,5809,0,2
3494,5809,0,2
3497,5809,0,2
3500,5809,0,2
3504,5809,0,2
3507,5809,0,2
3510,5809,0,2
3513,5809,0,2
3516,5809,0,2
3529,5809,0,2
3532,5809,0,2
3534,5809,0,2
3537,5809,0,2
3542,5809,0,2
3544,5809,0,2
3547,5809,0,2
3550,5809,0,2
3552,5809,0,2
3555,5809,0,2
3558,5809,0,2
1947,5810,0,2
2061,5810,0,2
2989,5810,0,2
3433,5810,0,2
3436,5810,0,2
3439,5810,0,2
3442,5810,0,2
3445,5810,0,2
3448,5810,0,2
3451,5810,0,2
3454,5810,0,2
3457,5810,0,2
3464,5810,0,2
3467,5810,0,2
3470,5810,0,2
3474,5810,0,2
3477,5810,0,2
3480,5810,0,2
3484,5810,0,2
3487,5810,0,2
3519,5810,0,2
3522,5810,0,2
3526,5810,0,2
2064,5811,0,2
3371,5811,0,2
3374,5811,0,2
3377,5811,0,2
3379,5811,0,2
3382,5811,0,2
3384,5811,0,2
3387,5811,0,2
3390,5811,0,2
3395,5811,0,2
3398,5811,0,2
3400,5811,0,2
3403,5811,0,2
3405,5811,0,2
3408,5811,0,2
3411,5811,0,2
3414,5811,0,2
3416,5811,0,2
3419,5811,0,2
3422,5811,0,2
3425,5811,0,2
3427,5811,0,2
3430,5811,0,2
1946,5812,0,2
2067,5812,0,2
3316,5812,0,2
3319,5812,0,2
3322,5812,0,2
3327,5812,0,2
3330,5812,0,2
3333,5812,0,2
3336,5812,0,2
3339,5812,0,2
3342,5812,0,2
3345,5812,0,2
3348,5812,0,2
3351,5812,0,2
3354,5812,0,2
3357,5812,0,2
3360,5812,0,2
3363,5812,0,2
3366,5812,0,2
3369,5812,0,2
2069,5813,0,2
2989,5813,0,2
3263,5813,0,2
3266,5813,0,2
3269,5813,0,2
3271,5813,0,2
3274,5813,0,2
3277,5813,0,2
3280,5813,0,2
3282,5813,0,2
3285,5813,0,2
3288,5813,0,2
3290,5813,0,2
3293,5813,0,2
3295,5813,0,2
3298,5813,0,2
3301,5813,0,2
3303,5813,0,2
3306,5813,0,2
3308,5813,0,2
3311,5813,0,2
3314,5813,0,2
1944,5814,0,2
3211,5814,0,2
3214,5814,0,2
3217,5814,0,2
3220,5814,0,2
3223,5814,0,2
3226,5814,0,2
3229,5814,0,2
3232,5814,0,2
3235,5814,0,2
3238,5814,0,2
3241,5814,0,2
3244,5814,0,2
3247,5814,0,2
3250,5814,0,2
3253,5814,0,2
3260,5814,0,2
2072,5815,0,2
2990,5815,0,2
3155,5815,0,2
3158,5815,0,2
3161,5815,0,2
3165,5815,0,2
3168,5815,0,2
3171,5815,0,2
3174,5815,0,2
3178,5815,0,2
3181,5815,0,2
3188,5815,0,2
3191,5815,0,2
3194,5815,0,2
3198,5815,0,2
3201,5815,0,2
3204,5815,0,2
3208,5815,0,2
4975,5815,1,0
1943,5816,0,2
2075,5816,0,2
3089,5816,0,2
3092,5816,0,2
3095,5816,0,2
3098,5816,0,2
3101,5816,0,2
3104,5816,0,2
3107,5816,0,2
3113,5816,0,2
3116,5816,0,2
3119,5816,0,2
3122,5816,0,2
3125,5816,0,2
3128,5816,0,2
3131,5816,0,2
3134,5816,0,2
3137,5816,0,2
3140,5816,0,2
3143,5816,0,2
3146,5816,0,2
3149,5816,0,2
3152,5816,0,2
2077,5817,0,2
3032,5817,0,2
3035,5817,0,2
3042,5817,0,2
3045,5817,0,2
3048,5817,0,2
3051,5817,0,2
3055,5817,0,2
3058,5817,0,2
3061,5817,0,2
3064,5817,0,2
3067,5817,0,2
3071,5817,0,2
3074,5817,0,2
3077,5817,0,2
3080,5817,0,2
3083,5817,0,2
3086,5817,0,2
1941,5818,0,2
2080,5818,0,2
2977,5818,0,2
2980,5818,0,2
2983,5818,0,2
2987,5818,0,2
2990,5818,0,4
2993,5818,0,2
2996,5818,0,2
2999,5818,0,2
3003,5818,0,2
3006,5818,0,2
3009,5818,0,2
3012,5818,0,2
3016,5818,0,2
3019,5818,0,2
3022,5818,0,2
3026,5818,0,2
3029,5818,0,2
2082,5819,0,2
2085,5819,0,2
2923,5819,0,2
2926,5819,0,2
2929,5819,0,2
2933,5819,0,2
2936,5819,0,2
2939,5819,0,2
2942,5819,0,2
2945,5819,0,2
2948,5819,0,2
2951,5819,0,2
2954,5819,0,2
2957,5819,0,2
2962,5819,0,2
2965,5819,0,2
2968,5819,0,2
2971,5819,0,2
2974,5819,0,2
1939,5820,0,2
2087,5820,0,2
2859,5820,0,2
2863,5820,0,2
2866,5820,0,2
2869,5820,0,2
2873,5820,0,2
2876,5820,0,2
2879,5820,0,2
2886,5820,0,2
2889,5820,0,2
2892,5820,0,2
2895,5820,0,2
2899,5820,0,2
2902,5820,0,2
2905,5820,0,2
2909,5820,0,2
2912,5820,0,2
2916,5820,0,2
2919,5820,0,2
2990,5820,0,2
2090,5821,0,2
2796,5821,0,2
2799,5821,0,2
2801,5821,0,2
2807,5821,0,2
2810,5821,0,2
2813,5821,0,2
2816,5821,0,2
2819,5821,0,2
2823,5821,0,2
2826,5821,0,2
2829,5821,0,2
2832,5821,0,2
2835,5821,0,2
2839,5821,0,2
2842,5821,0,2
2846,5821,0,2
2849,5821,0,2
2853,5821,0,2
2856,5821,0,2
1431,5822,1,0
1938,5822,0,2
2092,5822,0,2
2747,5822,0,2
2750,5822,0,2
2753,5822,0,2
2756,5822,0,2
2759,5822,0,2
2762,5822,0,2
2765,5822,0,2
2768,5822,0,2
2771,5822,0,2
2774,5822,0,2
2777,5822,0,2
2781,5822,0,2
2784,5822,0,2
2787,5822,0,2
2790,5822,0,2
2793,5822,0,2
2990,5822,0,2
2095,5823,0,2
2097,5823,0,2
2678,5823,0,2
2681,5823,0,2
2684,5823,0,2
2688,5823,0,2
2691,5823,0,2
2694,5823,0,2
2698,5823,0,2
2701,5823,0,2
2704,5823,0,2
2708,5823,0,2
2711,5823,0,2
2714,5823,0,2
2717,5823,0,2
2720,5823,0,2
2723,5823,0,2
2726,5823,0,2
2729,5823,0,2
2732,5823,0,2
2738,5823,0,2
2741,5823,0,2
2744,5823,0,2
2100,5824,0,2
2628,5824,0,2
2632,5824,0,2
2635,5824,0,2
2638,5824,0,2
2642,5824,0,2
2645,5824,0,2
2648,5824,0,2
2652,5824,0,2
2655,5824,0,2
2662,5824,0,2
2665,5824,0,2
2668,5824,0,2
2671,5824,0,2
2675,5824,0,2
1937,5825,0,2
2105,5825,0,2
2574,5825,0,2
2576,5825,0,2
2579,5825,0,2
2582,5825,0,2
2588,5825,0,2
2591,5825,0,2
2594,5825,0,2
2597,5825,0,2
2600,5825,0,2
2603,5825,0,2
2606,5825,0,2
2609,5825,0,2
2612,5825,0,2
2615,5825,0,2
2619,5825,0,2
2622,5825,0,2
2625,5825,0,2
2833,5825,0,2
2837,5825,0,2
2839,5825,0,2
2842,5825,0,2
2845,5825,0,2
2848,5825,0,2
2851,5825,0,2
2853,5825,0,2
2858,5825,0,2
2861,5825,0,2
2864,5825,0,2
2866,5825,0,2
2879,5825,0,2
2882,5825,0,2
2884,5825,0,2
2887,5825,0,2
2889,5825,0,2
2891,5825,0,2
2894,5825,0,2
2896,5825,0,2
2898,5825,0,2
2900,5825,0,2
2990,5825,0,2
2107,5826,0,2
2523,5826,0,2
2526,5826,0,2
2528,5826,0,2
2531,5826,0,2
2534,5826,0,2
2537,5826,0,2
2540,5826,0,2
2542,5826,0,2
2545,5826,0,2
2548,5826,0,2
2551,5826,0,2
2554,5826,0,2
2556,5826,0,2
2559,5826,0,2
2562,5826,0,2
2565,5826,0,2
2568,5826,0,2
2571,5826,0,2
2773,5826,0,2
2776,5826,0,2
2779,5826,0,2
2785,5826,0,2
2788,5826,0,2
2791,5826,0,2
2794,5826,0,2
2797,5826,0,2
2801,5826,0,2
2804,5826,0,2
2807,5826,0,2
2811,5826,0,2
2814,5826,0,2
2817,5826,0,2
2821,5826,0,2
2824,5826,0,2
2827,5826,0,2
2830,5826,0,2
2869,5826,0,2
2871,5826,0,2
2874,5826,0,2
2877,5826,0,2
2902,5826,0,2
2904,5826,0,2
2906,5826,0,2
2908,5826,0,2
1935,5827,0,2
2110,5827,0,2
2113,5827,0,2
2457,5827,0,2
2460,5827,0,2
2463,5827,0,2
2466,5827,0,2
2469,5827,0,2
2472,5827,0,2
2474,5827,0,2
2477,5827,0,2
2480,5827,0,2
2483,5827,0,2
2486,5827,0,2
2489,5827,0,2
2492,5827,0,2
2495,5827,0,2
2497,5827,0,2
2500,5827,0,2
2503,5827,0,2
2506,5827,0,2
2509,5827,0,2
2511,5827,0,2
2514,5827,0,2
2520,5827,0,2
2715,5827,0,2
2718,5827,0,2
2721,5827,0,2
2724,5827,0,2
2727,5827,0,2
2730,5827,0,2
2733,5827,0,2
2736,5827,0,2
2739,5827,0,2
2743,5827,0,2
2746,5827,0,2
2749,5827,0,2
2752,5827,0,2
2755,5827,0,2
2758,5827,0,2
2761,5827,0,2
2764,5827,0,2
2767,5827,0,2
2770,5827,0,2
2910,5827,0,2
2990,5827,0,2
2115,5828,0,2
2118,5828,0,2
2393,5828,0,2
2396,5828,0,2
2400,5828,0,4
2406,5828,0,2
2409,5828,0,2
2413,5828,0,2
2416,5828,0,2
2419,5828,0,2
2423,5828,0,2
2426,5828,0,2
2429,5828,0,2
2432,5828,0,2
2436,5828,0,2
2439,5828,0,2
2442,5828,0,2
2445,5828,0,2
2451,5828,0,2
2454,5828,0,2
2659,5828,0,2
2662,5828,0,2
2665,5828,0,2
2668,5828,0,2
2672,5828,0,2
2675,5828,0,2
2678,5828,0,2
2681,5828,0,2
2684,5828,0,2
2687,5828,0,2
2691,5828,0,2
2694,5828,0,2
2697,5828,0,2
2700,5828,0,2
2703,5828,0,2
2706,5828,0,2
2712,5828,0,2
2914,5828,0,2
1934,5829,0,2
2121,5829,0,2
2124,5829,0,2
2336,5829,0,2
2338,5829,0,2
2341,5829,0,2
2343,5829,0,2
2346,5829,0,2
2349,5829,0,2
2351,5829,0,2
2354,5829,0,2
2357,5829,0,2
2360,5829,0,2
2363,5829,0,2
2366,5829,0,2
2372,5829,0,2
2375,5829,0,2
2378,5829,0,2
2381,5829,0,2
2384,5829,0,2
2387,5829,0,2
2390,5829,0,2
2597,5829,0,2
2601,5829,0,2
2604,5829,0,2
2607,5829,0,2
2611,5829,0,2
2614,5829,0,2
2617,5829,0,2
2620,5829,0,2
2624,5829,0,2
2627,5829,0,2
2630,5829,0,2
2633,5829,0,2
2640,5829,0,2
2643,5829,0,2
2646,5829,0,2
2649,5829,0,2
2652,5829,0,2
2656,5829,0,2
2916,5829,0,2
2127,5830,0,2
2130,5830,0,2
2132,5830,0,2
2269,5830,0,2
2272,5830,0,2
2275,5830,0,2
2278,5830,0,2
2281,5830,0,2
2284,5830,0,2
2287,5830,0,2
2290,5830,0,2
2293,5830,0,2
2296,5830,0,2
2299,5830,0,2
2302,5830,0,2
2307,5830,0,2
2310,5830,0,2
2312,5830,0,2
2315,5830,0,2
2318,5830,0,2
2320,5830,0,2
2323,5830,0,2
2326,5830,0,2
2328,5830,0,2
2331,5830,0,2
2333,5830,0,2
2537,5830,0,2
2540,5830,0,2
2543,5830,0,2
2546,5830,0,2
2549,5830,0,2
2553,5830,0,2
2559,5830,0,2
2563,5830,0,2
2566,5830,0,2
2570,5830,0,2
2573,5830,0,2
2577,5830,0,2
2580,5830,0,2
2583,5830,0,2
2587,5830,0,2
2590,5830,0,2
2594,5830,0,2
2917,5830,0,2
2989,5830,0,2
1933,5831,0,2
2135,5831,0,2
2138,5831,0,2
2141,5831,0,2
2144,5831,0,2
2208,5831,0,2
2211,5831,0,2
2214,5831,0,2
2217,5831,0,2
2220,5831,0,2
2223,5831,0,2
2226,5831,0,2
2229,5831,0,2
2235,5831,0,2
2238,5831,0,2
2241,5831,0,2
2244,5831,0,2
2247,5831,0,2
2250,5831,0,2
2254,5831,0,2
2257,5831,0,2
2260,5831,0,2
2263,5831,0,2
2266,5831,0,2
2511,5831,0,2
2514,5831,0,2
2517,5831,0,2
2519,5831,0,2
2522,5831,0,2
2525,5831,0,2
2528,5831,0,2
2531,5831,0,2
2534,5831,0,2
2919,5831,0,2
2147,5832,0,2
2149,5832,0,2
2151,5832,0,2
2153,5832,0,2
2155,5832,0,2
2157,5832,0,2
2160,5832,0,2
2162,5832,0,2
2166,5832,0,2
2169,5832,0,2
2171,5832,0,2
2174,5832,0,2
2177,5832,0,2
2179,5832,0,2
2182,5832,0,2
2185,5832,0,2
2188,5832,0,2
2191,5832,0,2
2194,5832,0,2
2197,5832,0,2
2200,5832,0,2
2203,5832,0,2
2205,5832,0,2
2495,5832,0,2
2497,5832,0,2
2499,5832,0,2
2501,5832,0,2
2504,5832,0,2
2506,5832,0,2
2509,5832,0,2
2921,5832,0,2
2989,5832,0,2
1932,5833,0,2
2493,5833,0,2
2922,5833,0,2
2487,5834,0,2
2489,5834,0,2
2924,5834,0,2
1931,5835,0,2
2484,5835,0,2
2480,5836,0,2
2482,5836,0,2
2926,5836,0,2
1930,5837,0,2
2479,5837,0,2
2988,5837,0,2
2477,5838,0,2
2927,5838,0,2
1929,5839,0,2
2475,5839,0,2
2929,5839,0,2
2987,5839,0,2
2473,5840,0,2
2986,5840,0,2
1928,5841,0,2
2471,5841,0,2
2930,5841,0,2
2469,5842,0,2
2985,5842,0,2
1928,5843,0,2
2467,5843,0,2
2931,5843,0,2
2984,5843,0,2
1435,5844,1,0
2465,5844,0,2
2932,5844,0,2
1927,5845,0,2
2463,5845,0,2
2983,5845,0,2
2461,5846,0,2
2933,5846,0,2
2982,5846,0,2
1926,5847,0,2
2459,5848,0,2
2934,5848,0,2
2981,5848,0,2
2457,5849,0,2
3358,5849,1,0
1925,5850,0,2
2455,5850,0,2
2935,5850,0,2
2980,5850,0,2
2453,5851,0,2
2978,5851,0,2
1925,5852,0,2
2936,5852,0,2
1924,5853,0,2
2451,5853,0,2
2977,5853,0,2
2449,5854,0,2
2937,5854,0,2
2975,5854,0,2
3355,5854,1,0
1924,5855,0,2
2448,5855,0,2
1924,5856,0,2
2446,5856,0,2
2939,5856,0,2
2973,5856,0,2
2940,5857,0,2
2971,5857,0,2
1923,5858,0,2
2443,5858,0,2
2441,5859,0,2
2942,5859,0,2
2969,5859,0,2
1923,5860,0,2
2439,5860,0,2
2440,5860,0,2
2944,5860,0,2
2967,5860,0,2
2438,5861,0,2
2946,5861,0,2
2964,5861,0,2
1922,5862,0,2
2437,5862,0,2
2950,5862,0,2
2952,5862,0,2
2959,5862,0,2
2962,5862,0,2
1922,5863,0,2
2435,5863,0,2
2436,5863,0,2
2954,5863,0,2
2957,5863,0,2
2433,5864,0,2
2434,5864,0,2
1921,5865,0,2
2431,5865,0,2
2432,5865,0,2
2430,5866,0,4
1921,5867,0,2
2428,5867,0,2
2429,5867,0,2
2427,5868,0,2
1267,5869,1,0
1920,5869,0,2
2425,5869,0,2
2426,5869,0,2
3357,5869,1,0
1920,5870,0,2
2423,5870,0,2
2424,5870,0,2
2420,5871,0,2
2421,5871,0,2
2422,5871,0,2
1919,5872,0,2
2418,5872,0,2
1282,5873,1,0
1919,5873,0,2
2415,5873,0,2
2416,5873,0,4
2417,5873,0,2
2418,5873,0,2
2414,5874,0,4
2415,5874,0,2
1918,5875,0,2
2411,5875,0,2
2412,5875,0,2
2413,5875,0,2
1918,5876,0,2
2409,5876,0,2
3354,5876,1,0
2091,5877,1,0
2406,5877,0,2
2408,5877,0,2
1918,5878,0,2
2405,5878,0,2
1917,5879,0,2
2403,5879,0,2
1917,5880,0,2
2401,5880,0,2
1916,5881,0,2
1916,5882,0,2
2076,5882,1,0
2399,5882,0,2
1916,5883,0,2
2398,5883,0,2
4377,5883,1,0
1915,5884,0,2
2396,5885,0,2
1915,5886,0,2
1914,5887,0,2
2395,5887,0,2
2394,5888,0,2
1914,5889,0,2
1913,5890,0,2
2121,5890,1,0
2393,5890,0,2
1913,5891,0,2
1296,5892,1,0
1913,5892,0,2
1912,5893,0,4
2390,5893,0,2
1912,5894,0,2
2193,5894,1,0
1911,5895,0,2
2389,5895,0,2
1911,5896,0,2
1911,5897,0,2
2388,5897,0,2
1911,5898,0,2
2387,5898,0,2
1910,5899,0,2
4336,5899,1,0
1910,5900,0,4
2385,5900,0,2
1909,5901,0,2
1331,5902,1,0
1909,5902,0,2
2229,5902,1,0
2384,5902,0,2
1909,5903,0,2
1908,5904,0,2
2195,5904,1,0
2383,5904,0,2
3178,5904,1,0
3354,5904,1,0
1908,5905,0,2
1908,5906,0,2
2382,5906,0,2
3351,5906,1,0
1907,5907,0,4
1346,5908,1,0
1907,5908,0,4
2381,5908,0,2
1907,5909,0,6
1906,5910,0,2
2380,5910,0,2
1906,5911,0,4
2266,5911,1,0
1906,5912,0,4
2378,5912,0,2
1905,5913,0,2
1905,5914,0,4
2377,5914,0,2
3186,5914,1,0
4297,5914,1,0
1905,5915,0,6
1904,5916,0,2
1905,5916,0,2
2376,5916,0,2
5080,5916,1,0
1346,5917,1,0
1904,5917,0,2
1904,5918,0,2
2248,5918,1,0
2374,5918,0,2
1903,5920,0,2
2373,5920,0,2
1402,5922,1,0
1903,5922,0,2
2372,5923,0,2
1902,5924,0,2
2118,5924,1,0
2370,5925,0,2
1382,5926,1,0
1901,5926,0,2
2369,5927,0,2
3190,5928,1,0
2368,5929,0,2
4262,5929,1,0
1462,5931,1,0
1900,5931,0,2
2367,5931,0,2
1415,5932,1,0
2365,5933,0,2
1899,5934,0,2
5059,5934,1,0
1898,5936,0,2
2364,5936,0,2
1509,5937,1,0
2363,5938,0,2
1898,5939,0,2
1472,5940,1,0
1897,5942,0,2
2360,5942,0,2
1552,5943,1,0
1896,5944,0,2
2359,5944,0,2
2189,5946,1,0
2358,5946,0,2
1515,5947,1,0
1895,5947,0,2
2357,5948,0,2
1601,5950,1,0
1894,5950,0,2
2355,5951,0,2
3204,5951,1,0
1894,5952,0,2
3329,5952,1,0
2354,5953,0,2
3331,5953,1,0
2153,5954,1,0
2211,5954,1,0
1893,5955,0,2
2353,5955,0,2
1892,5957,0,2
2351,5957,0,2
3222,5958,1,0
5025,5958,1,0
1671,5959,1,0
1891,5960,0,2
2350,5960,0,2
3215,5961,1,0
2349,5962,0,2
3218,5962,2,0
1890,5963,0,2
2174,5963,1,0
3212,5963,1,0
3218,5963,3,0
2348,5964,0,2
3216,5964,1,0
3218,5964,16,0
3219,5964,15,0
1889,5965,0,2
3216,5965,1,0
3218,5965,4,0
3219,5965,33,0
3220,5965,4,0
1718,5966,1,0
2347,5966,0,2
3218,5966,4,0
1888,5968,0,2
2345,5968,0,2
1888,5970,0,2
2344,5970,0,2
2343,5972,0,2
4156,5972,1,0
1888,5973,0,2
3255,5973,1,0
1888,5975,0,2
2342,5975,0,2
3302,5976,1,0
4990,5976,1,0
2341,5977,0,2
1596,5978,1,0
1888,5978,0,2
2339,5979,0,2
3282,5980,1,0
1889,5981,0,2
2338,5981,0,2
1891,5982,0,2
1893,5982,0,2
2337,5983,0,2
1637,5984,1,0
1894,5984,0,2
1896,5984,0,2
2291,5985,1,0
2335,5985,0,2
1901,5986,0,2
1903,5987,0,2
1905,5987,0,2
1908,5988,0,2
1910,5988,0,2
2334,5988,0,2
1682,5989,1,0
1912,5989,0,2
4293,5989,1,0
1914,5990,0,2
1916,5990,0,2
2333,5990,0,2
3267,5990,1,0
1918,5991,0,2
1919,5991,0,2
1921,5992,0,2
2206,5992,1,0
3269,5992,1,0
4950,5992,1,0
1922,5993,0,2
1722,5994,1,0
1923,5994,0,2
2330,5994,0,2
3326,5994,1,0
1924,5995,0,2
2329,5996,0,2
1925,5997,0,2
1926,5998,0,2
2328,5998,0,2
1926,5999,0,2
4261,5999,1,0
2230,6000,0,2
2236,6000,0,2
2237,6000,0,2
2238,6000,0,2
2240,6000,0,2
2241,6000,0,2
2250,6000,0,2
2251,6000,0,2
2254,6000,0,2
2255,6000,0,2
2257,6000,0,2
2258,6000,0,2
2259,6000,0,2
2260,6000,0,2
2326,6000,0,2
1778,6001,1,0
1926,6001,0,2
2206,6001,0,2
2207,6001,0,2
2208,6001,0,2
2210,6001,0,2
2211,6001,0,2
2212,6001,0,2
2213,6001,0,2
2214,6001,0,2
2215,6001,0,2
2216,6001,0,2
2217,6001,0,2
2218,6001,0,2
2220,6001,0,2
2221,6001,0,2
2223,6001,0,2
2225,6001,0,2
2226,6001,0,2
2227,6001,0,2
2229,6001,0,2
2231,6001,0,2
2233,6001,0,2
2234,6001,0,2
2241,6001,0,2
2242,6001,0,2
2243,6001,0,4
2244,6001,0,6
2245,6001,0,4
2246,6001,0,2
2247,6001,0,4
2248,6001,0,2
2249,6001,0,4
2262,6001,0,2
2263,6001,0,2
2265,6001,0,2
2266,6001,0,2
2268,6001,0,2
2269,6001,0,2
2270,6001,0,2
2272,6001,0,2
2273,6001,0,2
2274,6001,0,2
2328,6001,1,0
1711,6002,1,0
1926,6002,0,2
2180,6002,0,2
2181,6002,0,2
2182,6002,0,4
2183,6002,0,2
2184,6002,0,2
2185,6002,0,2
2186,6002,0,2
2187,6002,0,4
2188,6002,0,2
2189,6002,0,4
2190,6002,0,4
2191,6002,0,2
2192,6002,0,2
2193,6002,0,2
2194,6002,0,4
2195,6002,0,2
2196,6002,0,2
2198,6002,0,2
2199,6002,0,2
2200,6002,0,2
2201,6002,0,2
2202,6002,0,2
2203,6002,0,2
2205,6002,0,2
2275,6002,0,2
2276,6002,0,2
2277,6002,0,2
2278,6002,0,2
2279,6002,0,2
2280,6002,0,2
2325,6002,0,2
4917,6002,1,0
1926,6003,0,2
2168,6003,0,2
2169,6003,0,2
2170,6003,0,2
2171,6003,0,2
2172,6003,0,2
2173,6003,0,4
2174,6003,0,2
2175,6003,0,8
2176,6003,0,18
2177,6003,0,10
2178,6003,0,4
2179,6003,0,4
2281,6003,0,4
2283,6003,0,2
1926,6004,0,2
2154,6004,0,4
2155,6004,0,2
2156,6004,0,2
2157,6004,0,2
2158,6004,0,2
2159,6004,0,2
2161,6004,0,2
2162,6004,0,2
2164,6004,0,2
2165,6004,0,2
2166,6004,0,2
2284,6004,0,4
2285,6004,0,2
2286,6004,0,4
2324,6004,0,2
3339,6004,1,0
1733,6005,1,0
1927,6005,0,2
2142,6005,0,2
2144,6005,0,2
2145,6005,0,2
2146,6005,0,2
2148,6005,0,2
2149,6005,0,2
2150,6005,0,2
2151,6005,0,2
2152,6005,0,18
2153,6005,0,76
2287,6005,0,2
2288,6005,0,2
2289,6005,0,2
2290,6005,0,2
1927,6006,0,2
2121,6006,0,2
2123,6006,0,2
2125,6006,0,2
2127,6006,0,2
2129,6006,0,2
2131,6006,0,2
2133,6006,0,2
2135,6006,0,2
2137,6006,0,2
2139,6006,0,2
2140,6006,0,2
2290,6006,0,2
2291,6006,0,4
2292,6006,0,6
2293,6006,0,14
1927,6007,0,2
1928,6007,0,4
2038,6007,0,2
2040,6007,0,2
2043,6007,0,2
2048,6007,0,2
2050,6007,0,2
2052,6007,0,2
2055,6007,0,2
2057,6007,0,2
2059,6007,0,2
2062,6007,0,2
2064,6007,0,2
2067,6007,0,2
2069,6007,0,2
2072,6007,0,2
2074,6007,0,2
2076,6007,0,2
2079,6007,0,2
2081,6007,0,2
2083,6007,0,2
2086,6007,0,2
2088,6007,0,2
2090,6007,0,2
2093,6007,0,2
2095,6007,0,2
2098,6007,0,2
2100,6007,0,2
2102,6007,0,2
2107,6007,0,2
2110,6007,0,2
2112,6007,0,2
2114,6007,0,2
2117,6007,0,2
2119,6007,0,2
2294,6007,0,2
2295,6007,0,4
2296,6007,0,2
2322,6007,0,2
1928,6008,0,2
1929,6008,0,4
1999,6008,0,2
2001,6008,0,2
2003,6008,0,2
2005,6008,0,2
2007,6008,0,2
2009,6008,0,2
2011,6008,0,2
2013,6008,0,2
2016,6008,0,2
2018,6008,0,2
2020,6008,0,2
2022,6008,0,2
2024,6008,0,2
2026,6008,0,2
2029,6008,0,2
2031,6008,0,2
2033,6008,0,2
2036,6008,0,2
2297,6008,0,2
2298,6008,0,2
2299,6008,0,2
2300,6008,0,2
4227,6008,1,0
1822,6009,1,0
1930,6009,0,2
1931,6009,0,4
1982,6009,0,2
1984,6009,0,2
1986,6009,0,2
1988,6009,0,2
1990,6009,0,2
1994,6009,0,2
1996,6009,0,2
1997,6009,0,2
2301,6009,0,2
2302,6009,0,2
2303,6009,0,2
2321,6009,0,2
3232,6009,1,0
1932,6010,0,8
1933,6010,0,48
1934,6010,0,64
1935,6010,0,14
1936,6010,0,4
1937,6010,0,2
1938,6010,0,2
1939,6010,0,2
1940,6010,0,2
1941,6010,0,2
1943,6010,0,2
1944,6010,0,2
1945,6010,0,2
1946,6010,0,2
1947,6010,0,2
1949,6010,0,2
1950,6010,0,2
1951,6010,0,2
1953,6010,0,2
1955,6010,0,2
1956,6010,0,2
1957,6010,0,2
1959,6010,0,2
1960,6010,0,2
1961,6010,0,2
1963,6010,0,2
1964,6010,0,2
1965,6010,0,2
1967,6010,0,2
1969,6010,0,2
1970,6010,0,2
1972,6010,0,2
1974,6010,0,2
1975,6010,0,1
1977,6010,0,2
1978,6010,0,1
1980,6010,0,2
2304,6010,0,2
2305,6010,0,2
2306,6010,0,2
4563,6010,1,0
2307,6011,0,2
2308,6011,0,4
2320,6011,0,2
4577,6011,1,0
4585,6011,1,0
4599,6011,1,0
4607,6011,1,0
4617,6011,1,0
4649,6011,1,0
4865,6011,1,0
2309,6012,0,6
4684,6012,1,0
4722,6012,1,0
4731,6012,1,0
4735,6012,1,0
2309,6013,0,2
4790,6013,1,0
4829,6013,1,0
2309,6014,0,4
2318,6014,0,2
2308,6015,0,2
3220,6015,1,0
1809,6016,1,0
2307,6016,0,2
2308,6016,0,2
2317,6016,0,2
4180,6017,1,0
2306,6018,0,2
2315,6018,0,2
2306,6019,0,2
1863,6020,1,0
2305,6020,0,2
2304,6021,0,2
2314,6021,0,2
4143,6021,1,0
2303,6022,0,2
2304,6022,0,2
2303,6023,0,2
2312,6023,0,2
4108,6023,1,0
2302,6024,0,2
2302,6025,0,2
4055,6025,1,0
2301,6026,0,2
2310,6026,0,2
4019,6026,1,0
2301,6027,0,2
3357,6027,1,0
2300,6028,0,4
2392,6028,1,0
3979,6028,1,0
1865,6029,1,0
2299,6029,0,2
2309,6029,0,2
2299,6030,0,2
3940,6030,1,0
2197,6031,1,0
2298,6031,0,2
2307,6031,0,2
3993,6031,1,0
2298,6032,0,2
3970,6032,1,0
2297,6033,0,2
2296,6034,0,2
2306,6034,0,2
3840,6034,1,0
3907,6035,1,0
2295,6036,0,2
2304,6036,0,2
2294,6037,0,2
3821,6038,1,0
2293,6039,0,2
2303,6039,0,2
3799,6039,1,0
2292,6041,0,2
2301,6041,0,2
3750,6041,1,0
3711,6042,1,0
2291,6043,0,2
2432,6043,1,0
2300,6044,0,2
2298,6046,0,2
3190,6046,1,0
2288,6048,0,2
3191,6048,1,0
2296,6049,0,2
2448,6049,1,0
2287,6050,0,2
2295,6051,0,2
1963,6052,1,0
2285,6052,0,2
2284,6053,0,2
2282,6055,0,2
3290,6055,1,0
3357,6055,1,0
2292,6056,0,2
2280,6057,0,2
2972,6057,1,0
2992,6057,1,0
3183,6057,1,0
3296,6057,1,0
3334,6057,1,0
3382,6057,1,0
3082,6058,1,0
3126,6058,1,0
3248,6058,1,0
2278,6059,0,2
2291,6059,0,2
2846,6059,1,0
2909,6060,1,0
2956,6060,1,0
3006,6060,1,0
2277,6061,0,2
2289,6061,0,2
2603,6061,1,0
2643,6061,1,0
2700,6061,1,0
2740,6061,1,0
3076,6061,1,0
3118,6061,1,0
2453,6062,1,0
2518,6062,1,0
1998,6063,1,0
2275,6063,0,2
2409,6063,1,0
2288,6064,0,2
2273,6065,0,2
3051,6065,1,0
3100,6065,1,0
1983,6066,1,0
2287,6066,0,2
2765,6066,1,0
2808,6066,1,0
2858,6066,1,0
3143,6066,1,0
2271,6067,0,2
2733,6067,1,0
2931,6067,1,0
2974,6067,1,0
3177,6067,1,0
2286,6068,0,2
3021,6068,1,0
3088,6068,1,0
3155,6068,1,0
2270,6069,0,2
3226,6069,1,0
2285,6070,0,2
2268,6071,0,2
2284,6072,0,2
2266,6074,0,2
2283,6074,0,2
2265,6076,0,2
2283,6076,0,2
2169,6077,1,0
2264,6078,0,2
2282,6078,0,2
4508,6078,1,0
2281,6079,0,2
2262,6081,0,2
2281,6081,0,2
3253,6081,1,0
2280,6082,0,2
2261,6083,0,2
2279,6083,0,2
2690,6083,1,0
3174,6083,1,0
2279,6084,0,2
1868,6085,1,0
2260,6085,0,2
2278,6086,0,2
1847,6087,1,0
2277,6087,0,2
2259,6088,0,2
2276,6088,0,2
2277,6088,0,2
2276,6089,0,2
2258,6090,0,2
2275,6090,0,2
2276,6090,0,2
2275,6091,0,4
2274,6092,0,4
4475,6092,1,0
2257,6093,0,2
2273,6093,0,2
1912,6094,1,0
2272,6094,0,2
3359,6094,1,0
2256,6095,0,2
2271,6095,0,2
2270,6096,0,2
2270,6097,0,2
2269,6098,0,2
1897,6099,1,0
2268,6099,0,2
2254,6100,0,2
2161,6101,1,0
2267,6101,0,2
1957,6102,1,0
2253,6102,0,2
2266,6102,0,2
2252,6104,0,2
2265,6104,0,2
2850,6104,1,0
2264,6105,0,2
2251,6106,0,2
3273,6106,1,0
2263,6107,0,2
2250,6109,0,2
2262,6109,0,2
2261,6110,0,2
2018,6111,1,0
2249,6111,0,2
1973,6112,1,0
2259,6112,0,2
4423,6112,1,0
2248,6113,0,2
2247,6114,0,2
2258,6114,0,2
2246,6116,0,2
2257,6116,0,2
2970,6116,1,0
2052,6117,1,0
2256,6117,0,2
2245,6118,0,2
3340,6118,1,0
2255,6119,0,2
4405,6119,1,0
2023,6120,1,0
2245,6120,0,2
2254,6120,0,2
2244,6121,0,2
2243,6123,0,2
2253,6123,0,2
3172,6123,1,0
2242,6124,0,2
2252,6124,0,2
2251,6125,0,2
2241,6126,0,2
2251,6126,0,2
2154,6127,1,0
2241,6127,0,2
2250,6127,0,2
2240,6128,0,2
2249,6129,0,2
2239,6130,0,2
2249,6130,0,2
2807,6130,1,0
2238,6131,0,2
2248,6131,0,2
3310,6131,1,0
2237,6132,0,2
2238,6132,0,2
2247,6132,0,2
2237,6133,0,2
2247,6133,0,2
2236,6134,0,4
2246,6134,0,2
2235,6135,0,2
2234,6136,0,4
2235,6136,0,2
2245,6136,0,2
2795,6136,1,0
2234,6137,0,252
2245,6137,0,2
2233,6138,0,6
2234,6138,0,126
2244,6138,0,2
2233,6139,0,2
2232,6140,0,4
2243,6140,0,2
2232,6141,0,2
2242,6141,0,2
2785,6141,1,0
2231,6142,0,2
2231,6143,0,2
2241,6143,0,2
2230,6144,0,2
2229,6145,0,2
2240,6145,0,2
2229,6146,0,2
2239,6146,0,2
2228,6148,0,2
2238,6148,0,2
2227,6149,0,2
2237,6150,0,2
2226,6151,0,2
2236,6151,0,2
2225,6152,0,2
2235,6153,0,2
2146,6154,1,0
2224,6154,0,2
2223,6155,0,2
2234,6155,0,2
2222,6157,0,2
2221,6158,0,2
2232,6158,0,2
2221,6159,0,2
2220,6160,0,2
2231,6160,0,2
2219,6162,0,2
2230,6162,0,2
2219,6163,0,2
2229,6163,0,2
2753,6163,1,0
2218,6164,0,2
2218,6165,0,2
2228,6165,0,2
2218,6166,0,2
2227,6166,0,2
2218,6167,0,2
2227,6167,0,2
2219,6168,0,4
2226,6168,0,2
2140,6169,1,0
2220,6169,0,2
2225,6169,0,2
2220,6170,0,2
2221,6170,0,2
2225,6170,0,2
2221,6171,0,2
2222,6171,0,2
2223,6171,0,2
2224,6171,0,4
2222,6172,0,2
2136,6181,1,0
2736,6188,1,0
2132,6194,1,0
2129,6203,1,0
2719,6216,1,0
2700,6247,1,0
2558,6248,1,0
2523,6260,1,0
2544,6265,1,0
2299,6272,1,0
2530,6286,1,0
2511,6288,1,0
2293,6305,1,0
2517,6307,1,0
2499,6311,1,0
2130,6323,1,0
2488,6325,2,0
2489,6325,3,0
2507,6325,1,0
2488,6326,15,0
2487,6329,1,0
2159,6333,1,0
2480,6342,1,0
2499,6343,1,0
2512,6343,1,0
2526,6343,1,0
2437,6345,1,0
2489,6345,1,0
2556,6346,1,0
2422,6347,1,0
2410,6348,1,0
2532,6350,1,0
2542,6350,1,0
2570,6350,1,0
2574,6350,1,0
2581,6350,1,0
2582,6350,1,0
2590,6350,1,0
2522,6351,1,0
2542,6351,2,0
2543,6351,1,0
2544,6351,1,0
2547,6351,1,0
2581,6353,1,0
2412,6354,1,0
2479,6354,1,0
2168,6355,1,0
2587,6355,1,0
2311,6356,1,0
2340,6356,1,0
2268,6358,1,0
2486,6359,1,0
2174,6360,1,0
2176,6360,2,0
2178,6360,1,0
2179,6360,3,0
2180,6360,1,0
2242,6360,1,0
2192,6361,1,0
2219,6361,1,0
2611,6363,1,0
2629,6369,1,0
2480,6370,1,0
2613,6370,1,0
2606,6381,1,0
2594,6400,1,0
2608,6402,1,0
2577,6428,1,0
2541,6471,1,0
2566,6479,1,0
2467,6735,1,0
