3200,223,1,0
3315,229,1,0
3353,239,1,0
3390,250,1,0
3421,260,1,0
3120,264,1,0
3266,270,1,0
3318,286,1,0
3355,298,1,0
3915,337,1,0
3941,366,1,0
3012,388,1,0
3667,391,1,0
3004,440,1,0
3636,440,1,0
3676,452,1,0
3000,457,1,0
3773,488,1,0
2993,490,1,0
3832,512,1,0
3822,513,1,0
3032,515,1,0
3846,552,1,0
1661,555,1,0
3887,559,1,0
1682,560,1,0
3022,577,1,0
1408,600,1,0
3127,603,1,0
1604,609,1,0
1621,619,1,0
1377,622,1,0
3102,627,1,0
1343,651,1,0
1676,653,1,0
1710,677,1,0
2937,685,1,0
2876,688,1,0
2838,690,1,0
2781,693,1,0
2742,695,1,0
1740,698,1,0
2870,703,1,0
2825,705,1,0
2788,707,1,0
2698,711,1,0
1388,714,1,0
2638,714,1,0
2595,716,1,0
2482,723,1,0
1787,731,1,0
2515,735,1,0
2470,738,1,0
1277,740,1,0
2406,742,1,0
2387,744,1,0
1378,748,1,0
3909,748,1,0
2321,750,1,0
1820,755,1,0
2262,758,1,0
2221,765,1,0
1372,770,1,0
2186,771,1,0
1259,776,1,0
1857,779,1,0
2126,781,1,0
4078,785,1,0
2276,786,1,0
3924,787,1,0
2235,792,1,0
2199,799,1,0
1908,808,1,0
2140,809,1,0
4108,811,1,0
2103,815,1,0
1940,822,1,0
4122,822,1,0
3938,823,1,0
2051,824,1,0
1428,829,1,0
2011,831,1,0
1970,838,1,0
2013,840,1,0
1352,842,1,0
1935,843,1,0
4156,845,1,0
1856,848,1,0
1878,848,1,0
4172,854,1,0
1348,857,1,0
3954,858,1,0
1348,863,3,0
1348,864,7,0
1347,865,1,0
1348,865,2,0
1415,867,1,0
1342,882,1,0
4228,882,1,0
4269,897,1,0
1336,902,1,0
4117,912,1,0
4545,921,1,0
4177,923,1,0
4482,923,1,0
4401,924,1,0
1329,925,1,0
4443,925,1,0
1398,926,1,0
4232,928,1,0
4386,928,1,0
4253,929,1,0
4306,930,1,0
4536,964,1,0
1318,967,1,0
4574,988,1,0
1310,996,1,0
1305,1012,1,0
1297,1044,1,0
4634,1045,1,0
1281,1098,1,0
1245,1103,1,0
4685,1110,1,0
1244,1141,1,0
1269,1143,1,0
4709,1143,1,0
1241,1176,1,0
1262,1176,1,0
4745,1192,1,0
1241,1201,1,0
1240,1202,8,0
1240,1204,1,0
1256,1210,1,0
1238,1213,1,0
4768,1224,1,0
1236,1234,1,0
1232,1263,1,0
1248,1289,1,0
1222,1312,1,0
1214,1343,1,0
998,1482,1,0
1147,1503,1,0
979,1511,1,0
1130,1532,1,0
5265,1537,1,0
1149,1542,1,0
1103,1575,1,0
1083,1604,1,0
1098,1618,1,0
1053,1649,1,0
1077,1650,1,0
1030,1683,1,0
1046,1697,1,0
1027,1724,1,0
1006,1755,1,0
983,1789,1,0
5661,1833,1,0
950,1836,1,0
734,1849,1,0
928,1863,1,0
5704,1874,1,0
715,1879,1,0
885,1901,1,0
850,1922,1,0
813,1937,1,0
756,1956,1,0
738,1962,1,0
5611,1970,1,0
5882,1980,1,0
5637,1995,1,0
830,2003,1,0
5923,2018,1,0
5933,2027,1,0
788,2032,1,0
5946,2039,1,0
775,2044,1,0
5967,2059,1,0
6000,2090,1,0
5833,2117,1,0
5873,2155,1,0
5885,2167,1,0
5926,2205,1,0
6106,2207,1,0
5955,2232,1,0
539,2233,1,0
5998,2273,1,0
535,2277,1,0
6113,2283,1,0
6026,2302,1,0
6111,2317,1,0
6050,2331,1,0
573,2338,1,0
6109,2339,1,0
527,2345,1,0
564,2360,1,0
6072,2364,1,0
6105,2371,1,0
519,2382,1,0
6095,2413,1,0
6099,2416,1,0
506,2420,1,0
5651,2421,0,2
5653,2421,0,2
5655,2421,0,2
5657,2421,0,2
5659,2421,0,2
5661,2421,0,2
5663,2421,0,2
5667,2421,0,2
5634,2422,0,2
5636,2422,0,2
5639,2422,0,2
5641,2422,0,2
5644,2422,0,2
5646,2422,0,2
5648,2422,0,2
5613,2423,0,2
5616,2423,0,2
5618,2423,0,2
5621,2423,0,2
5624,2423,0,2
5626,2423,0,2
5629,2423,0,2
5631,2423,0,2
5592,2424,0,2
5594,2424,0,2
5597,2424,0,2
5599,2424,0,2
5602,2424,0,2
5605,2424,0,2
5607,2424,0,2
5569,2425,0,2
5571,2425,0,2
5574,2425,0,2
5577,2425,0,2
5579,2425,0,2
5582,2425,0,2
5584,2425,0,2
5587,2425,0,2
5589,2425,0,2
5548,2426,0,2
5550,2426,0,2
5553,2426,0,2
5555,2426,0,2
5558,2426,0,2
5561,2426,0,2
5563,2426,0,2
5566,2426,0,2
5527,2427,0,2
5530,2427,0,2
5532,2427,0,2
5535,2427,0,2
5537,2427,0,2
5540,2427,0,2
5543,2427,0,2
5507,2428,0,2
5510,2428,0,2
5513,2428,0,2
5516,2428,0,2
5519,2428,0,2
5521,2428,0,2
5524,2428,0,2
5486,2429,0,2
5489,2429,0,2
5491,2429,0,2
5494,2429,0,2
5497,2429,0,2
5499,2429,0,2
5502,2429,0,2
5505,2429,0,2
5467,2430,0,2
5470,2430,0,2
5472,2430,0,2
5475,2430,0,2
5481,2430,0,2
5483,2430,0,2
5447,2431,0,2
5450,2431,0,2
5453,2431,0,2
5456,2431,0,2
5459,2431,0,2
5461,2431,0,2
5464,2431,0,2
5429,2432,0,2
5432,2432,0,2
5435,2432,0,2
5438,2432,0,2
5441,2432,0,2
5444,2432,0,2
5414,2433,0,2
5417,2433,0,2
5420,2433,0,2
5423,2433,0,2
5426,2433,0,2
5395,2434,0,2
5398,2434,0,2
5401,2434,0,2
5404,2434,0,2
5411,2434,0,2
5377,2435,0,2
5380,2435,0,2
5383,2435,0,2
5386,2435,0,2
5389,2435,0,2
5392,2435,0,2
5364,2436,0,2
5366,2436,0,2
5369,2436,0,2
5372,2436,0,2
5375,2436,0,2
5346,2437,0,2
5349,2437,0,2
5352,2437,0,2
5355,2437,0,2
5358,2437,0,2
5361,2437,0,2
5328,2438,0,2
5331,2438,0,2
5334,2438,0,2
5337,2438,0,2
5343,2438,0,2
5313,2439,0,2
5316,2439,0,2
5319,2439,0,2
5322,2439,0,2
5325,2439,0,2
5295,2440,0,2
5298,2440,0,2
5301,2440,0,2
5304,2440,0,2
5307,2440,0,2
5310,2440,0,2
5277,2441,0,2
5279,2441,0,2
5282,2441,0,2
5284,2441,0,2
5287,2441,0,2
5289,2441,0,2
5292,2441,0,2
5258,2442,0,2
5261,2442,0,2
5263,2442,0,2
5266,2442,0,2
5269,2442,0,2
5271,2442,0,2
5241,2443,0,2
5244,2443,0,2
5247,2443,0,2
5250,2443,0,2
5252,2443,0,2
5255,2443,0,2
5224,2444,0,2
5227,2444,0,2
5230,2444,0,2
5232,2444,0,2
5235,2444,0,2
5238,2444,0,2
5208,2445,0,2
5212,2445,0,2
5215,2445,0,2
5218,2445,0,2
5221,2445,0,2
5190,2446,0,2
5193,2446,0,2
5196,2446,0,2
5199,2446,0,2
5205,2446,0,2
5171,2447,0,2
5174,2447,0,2
5177,2447,0,2
5180,2447,0,2
5183,2447,0,2
5187,2447,0,2
5142,2448,0,2
5145,2448,0,2
5148,2448,0,2
5151,2448,0,2
5154,2448,0,2
5158,2448,0,2
5161,2448,0,2
5164,2448,0,2
5167,2448,0,2
5117,2449,0,2
5120,2449,0,2
5122,2449,0,2
5125,2449,0,2
5131,2449,0,2
5134,2449,0,2
5136,2449,0,2
5139,2449,0,2
5089,2450,0,2
5091,2450,0,2
5094,2450,0,2
5096,2450,0,2
5099,2450,0,2
5101,2450,0,2
5104,2450,0,2
5106,2450,0,2
5109,2450,0,2
5111,2450,0,2
5114,2450,0,2
5060,2451,0,2
5066,2451,0,2
5069,2451,0,2
5072,2451,0,2
5075,2451,0,2
5078,2451,0,2
5081,2451,0,2
5083,2451,0,2
5086,2451,0,2
5028,2452,0,2
5031,2452,0,2
5034,2452,0,2
5036,2452,0,2
5039,2452,0,2
5042,2452,0,2
5045,2452,0,2
5048,2452,0,2
5051,2452,0,2
5054,2452,0,2
5057,2452,0,2
5014,2453,0,2
5017,2453,0,2
5020,2453,0,2
5022,2453,0,2
5025,2453,0,2
4993,2454,0,2
4995,2454,0,2
4999,2454,0,2
5002,2454,0,2
5004,2454,0,2
5007,2454,0,2
5009,2454,0,2
5012,2454,0,2
4988,2455,0,2
4989,2455,0,2
4991,2455,0,2
4978,2456,0,2
4980,2456,0,2
4981,2456,0,2
4982,2456,0,2
4984,2456,0,2
4985,2456,0,2
4986,2456,0,2
490,2457,1,0
4945,2457,0,2
4947,2457,0,2
4949,2457,0,2
4951,2457,0,2
4953,2457,0,2
4955,2457,0,2
4958,2457,0,2
4960,2457,0,2
4962,2457,0,2
4963,2457,0,2
4965,2457,0,2
4967,2457,0,2
4968,2457,0,2
4970,2457,0,2
4972,2457,0,2
4974,2457,0,2
4975,2457,0,2
4977,2457,0,2
4914,2458,0,2
4917,2458,0,2
4919,2458,0,2
4920,2458,0,2
4922,2458,0,2
4924,2458,0,2
4925,2458,0,2
4927,2458,0,2
4928,2458,0,2
4930,2458,0,2
4931,2458,0,2
4933,2458,0,2
4935,2458,0,2
4936,2458,0,2
4938,2458,0,2
4939,2458,0,2
4941,2458,0,2
4942,2458,0,2
4944,2458,0,2
4888,2459,0,2
4890,2459,0,2
4892,2459,0,2
4894,2459,0,2
4896,2459,0,2
4898,2459,0,2
4900,2459,0,2
4901,2459,0,2
4903,2459,0,2
4905,2459,0,2
4907,2459,0,2
4908,2459,0,2
4910,2459,0,2
4912,2459,0,2
4874,2460,0,2
4876,2460,0,2
4878,2460,0,2
4880,2460,0,2
4881,2460,0,2
4883,2460,0,2
4885,2460,0,2
4887,2460,0,2
4859,2461,0,2
4861,2461,0,2
4863,2461,0,2
4865,2461,0,2
4867,2461,0,2
4869,2461,0,2
4873,2461,0,2
4846,2462,0,2
4847,2462,0,2
4849,2462,0,2
4851,2462,0,2
4852,2462,0,2
4854,2462,0,2
4856,2462,0,2
4858,2462,0,2
4835,2463,0,2
4837,2463,0,2
4839,2463,0,2
4841,2463,0,2
4842,2463,0,2
4844,2463,0,2
4825,2464,0,2
4829,2464,0,2
4831,2464,0,2
4833,2464,0,2
4818,2465,0,2
4819,2465,0,2
4821,2465,0,2
4823,2465,0,2
4812,2466,0,2
4813,2466,0,2
4814,2466,0,2
4816,2466,0,2
4809,2467,0,2
4810,2467,0,2
4805,2468,0,2
4806,2468,0,2
4808,2468,0,2
4804,2469,0,2
4801,2470,0,2
4802,2470,0,2
4799,2471,0,2
4798,2472,0,2
4797,2473,0,2
4795,2474,0,2
4794,2475,0,2
4793,2476,0,2
4790,2478,0,2
4789,2479,0,2
4787,2481,0,2
4786,2482,0,2
4785,2483,0,2
4784,2484,0,2
4783,2486,0,2
4781,2487,0,2
6089,2487,1,0
4780,2488,0,2
4779,2489,0,2
4778,2491,0,2
4777,2492,0,2
4775,2493,0,2
4774,2495,0,2
4773,2496,0,2
4772,2498,0,2
4771,2500,0,2
4770,2502,0,2
463,2504,1,0
4769,2504,0,2
4767,2505,0,2
4766,2507,0,2
4766,2509,0,2
4765,2511,0,2
4764,2515,0,2
4763,2516,0,2
4762,2518,0,2
4762,2520,0,2
4761,2522,0,2
4761,2524,0,2
4760,2526,0,2
4760,2528,0,2
4759,2530,0,2
4759,2532,0,2
4759,2534,0,2
444,2536,1,0
4759,2536,0,2
6082,2536,1,0
4758,2539,0,2
4758,2541,0,2
4758,2543,0,2
4758,2545,0,2
4758,2548,0,2
4759,2550,0,2
4759,2552,0,2
4759,2554,0,2
4759,2556,0,2
4759,2558,0,2
4760,2560,0,2
4760,2562,0,2
4760,2565,0,2
4760,2567,0,2
6078,2568,1,0
4760,2569,0,2
4761,2570,0,2
423,2572,1,0
4761,2572,0,2
4761,2574,0,2
4761,2576,0,2
4761,2578,0,2
4761,2581,0,2
6079,2582,1,0
4762,2583,0,2
4762,2585,0,2
4762,2588,0,2
4762,2590,0,2
4762,2593,0,2
4762,2595,0,2
4762,2598,0,2
4762,2601,0,2
4762,2603,0,2
4762,2606,0,2
402,2607,1,0
6073,2607,1,0
4763,2608,0,2
4763,2611,0,2
5962,2611,1,0
5823,2612,1,0
5927,2613,1,0
4763,2614,0,2
4763,2616,0,2
5870,2617,1,0
6082,2617,1,0
5829,2620,1,0
4763,2621,0,2
4763,2623,0,2
5789,2623,1,0
4763,2625,0,2
4763,2627,0,2
4763,2629,0,2
4763,2631,0,2
4763,2633,0,2
5640,2634,1,0
4764,2635,0,2
4764,2637,0,2
4764,2639,0,2
5723,2639,1,0
4764,2641,0,2
4764,2642,0,2
4764,2643,0,2
5679,2643,1,0
4764,2645,0,2
5644,2645,1,0
4764,2646,0,2
4764,2647,0,2
4764,2648,0,2
5603,2648,1,0
4764,2650,0,2
4764,2651,0,2
4764,2653,0,2
4764,2654,0,2
4764,2656,0,2
373,2657,1,0
4764,2658,0,2
4764,2661,0,2
4764,2663,0,2
6070,2663,1,0
4764,2665,0,2
4764,2667,0,2
5360,2668,1,0
4763,2669,0,2
4764,2671,0,2
364,2672,1,0
5321,2672,1,0
4764,2673,0,2
5273,2673,1,0
5229,2674,1,0
5252,2674,1,0
5182,2675,1,0
5193,2675,1,0
4764,2676,0,2
5142,2677,1,0
5158,2677,1,0
223,2678,1,0
4764,2678,0,2
5108,2679,1,0
4764,2680,0,2
4764,2682,0,2
4764,2685,0,2
4763,2687,0,2
4763,2689,0,2
4763,2692,0,2
4763,2694,0,2
4763,2697,0,2
4763,2699,0,2
5034,2700,1,0
4763,2701,0,2
4763,2704,0,2
345,2705,1,0
4763,2706,0,2
4763,2708,0,2
4763,2711,0,2
4763,2715,0,2
5017,2716,1,0
6070,2716,1,0
4763,2717,0,2
4763,2720,0,2
4763,2722,0,2
4763,2725,0,2
4763,2727,0,2
4763,2729,0,2
4763,2731,0,2
4763,2732,0,2
4763,2734,0,2
4763,2735,0,2
326,2736,1,0
4763,2737,0,2
4763,2738,0,2
4763,2739,0,2
4763,2741,0,2
4763,2742,0,2
4763,2743,0,2
4763,2744,0,2
4763,2746,0,2
4763,2747,0,2
4763,2748,0,2
4763,2750,0,2
4993,2750,1,0
4763,2751,0,2
4763,2753,0,2
6073,2753,1,0
4762,2754,0,2
6089,2754,1,0
4762,2755,0,2
4762,2756,0,2
4762,2757,0,2
4762,2758,0,2
4762,2759,0,2
4762,2760,0,2
4762,2761,0,2
4761,2762,0,2
4761,2763,0,2
4761,2765,0,2
4761,2766,0,2
4761,2768,0,2
4761,2769,0,2
6091,2770,1,0
4761,2771,0,2
4761,2773,0,2
4761,2775,0,2
4761,2777,0,2
4982,2777,1,0
4761,2779,0,2
4760,2781,0,2
4760,2783,0,2
4760,2785,0,2
6075,2788,1,0
4760,2790,0,2
4760,2793,0,2
4760,2795,0,2
4760,2798,0,2
183,2801,1,0
4760,2801,0,2
6092,2801,1,0
4760,2803,0,2
4760,2806,0,2
4760,2809,0,2
4760,2812,0,2
4760,2814,0,2
4760,2817,0,2
6092,2817,1,0
4760,2820,0,2
4760,2822,0,2
4979,2824,1,0
4760,2825,0,2
6093,2826,1,0
4760,2828,0,2
4760,2831,0,2
4760,2834,0,2
4760,2836,0,2
176,2839,1,0
4760,2839,0,2
4760,2842,0,2
4760,2845,0,2
4760,2847,0,2
4760,2850,0,2
4760,2855,0,2
4760,2858,0,2
4760,2861,0,2
4760,2863,0,2
4760,2866,0,2
6092,2866,1,0
6093,2867,1,0
4760,2869,0,2
172,2870,1,0
4760,2871,0,2
4760,2874,0,2
4760,2876,0,2
4760,2879,0,2
4761,2882,0,2
4761,2884,0,2
4761,2887,0,2
4761,2889,0,2
4761,2892,0,2
4761,2894,0,2
4761,2897,0,2
6092,2898,1,0
4761,2900,0,2
4761,2902,0,2
4761,2905,0,2
4761,2907,0,2
6092,2907,1,0
4761,2910,0,2
4761,2912,0,2
4761,2915,0,2
4761,2920,0,2
4984,2920,1,0
4761,2922,0,2
4761,2925,0,2
4761,2928,0,2
4761,2930,0,2
4761,2933,0,2
4985,2935,1,0
4761,2936,0,2
4761,2938,0,2
4983,2939,1,0
4761,2941,0,2
4761,2944,0,2
4761,2946,0,2
6082,2946,1,0
4761,2949,0,2
6091,2949,1,0
4761,2952,0,2
4761,2955,0,2
4761,2958,0,2
227,2961,1,0
4761,2961,0,2
6080,2962,1,0
4761,2963,0,2
6092,2963,1,0
4761,2966,0,2
4987,2966,1,0
4761,2969,0,2
4981,2969,1,0
4761,2972,0,2
4761,2975,0,2
4761,2978,0,2
4761,2981,0,2
4761,2987,0,2
6073,2987,1,0
4761,2990,0,2
4988,2990,1,0
4761,2993,0,2
239,2995,1,0
4761,2996,0,2
4761,2999,0,2
6091,2999,1,0
4761,3002,0,2
4761,3005,0,2
4761,3008,0,2
4761,3011,0,2
4761,3014,0,2
4761,3017,0,2
4761,3020,0,2
6075,3020,1,0
4761,3023,0,2
4761,3026,0,2
4980,3027,1,0
4761,3029,0,2
4988,3029,1,0
4761,3032,0,2
4761,3035,0,2
252,3036,1,0
4761,3038,0,2
4761,3041,0,2
4761,3044,0,2
4761,3047,0,2
4761,3050,0,2
6091,3052,1,0
4761,3053,0,2
6067,3056,1,0
4761,3059,0,2
4987,3059,1,0
4761,3062,0,2
6072,3062,1,0
4980,3064,1,0
4761,3065,0,2
4761,3068,0,2
4865,3070,2,0
6090,3070,1,0
4761,3071,0,2
4761,3074,0,2
4761,3077,0,2
4868,3078,1,0
4761,3080,0,2
4761,3083,0,2
4761,3087,0,2
4761,3090,0,2
4868,3092,1,0
4761,3093,0,2
4986,3093,1,0
4761,3096,0,2
4761,3099,0,2
6068,3100,1,0
4761,3103,0,2
4868,3105,1,0
4761,3106,0,2
4761,3109,0,2
6060,3109,1,0
4761,3112,0,2
4761,3116,0,2
4761,3119,0,2
197,3120,1,0
4868,3121,1,0
4982,3121,1,0
4761,3122,0,2
4761,3125,0,2
4986,3125,1,0
4761,3129,0,2
6087,3129,1,0
4761,3132,0,2
4761,3138,0,2
4761,3141,0,2
6053,3141,1,0
4761,3144,0,2
4761,3147,0,2
4685,3149,3,0
4686,3149,7,0
4685,3150,2,0
4761,3150,0,2
4868,3150,1,0
4870,3151,1,0
4872,3151,2,0
4869,3152,2,0
4871,3152,1,0
4872,3152,2,0
4873,3152,4,0
4761,3153,0,2
4869,3153,1,0
4986,3153,1,0
4867,3154,5,0
4868,3154,4,0
4869,3154,6,0
4866,3155,1,0
4867,3155,4,0
4868,3155,2,0
4869,3155,2,0
4761,3156,0,2
4868,3156,2,0
4869,3156,4,0
4870,3156,2,0
4761,3159,0,2
4982,3160,1,0
4761,3162,0,2
4761,3165,0,2
6062,3165,1,0
4761,3168,0,2
4761,3171,0,2
4761,3174,0,2
4761,3177,0,2
4868,3177,1,0
4761,3180,0,2
4761,3183,0,2
4761,3186,0,2
4761,3189,0,2
4761,3192,0,2
4761,3195,0,2
4761,3198,0,2
4870,3198,1,0
4982,3198,1,0
4761,3202,0,2
4761,3205,0,2
4761,3211,0,2
6057,3211,1,0
4761,3214,0,2
5976,3214,1,0
4761,3217,0,2
4870,3218,1,0
4761,3220,0,2
4761,3223,0,2
5938,3225,1,0
4761,3226,0,2
5910,3226,1,0
4761,3229,0,2
5831,3229,1,0
5860,3229,1,0
4718,3230,1,0
4756,3230,1,0
4768,3230,1,0
4833,3230,1,0
5849,3230,1,0
5890,3230,1,0
4858,3231,1,0
4872,3231,1,0
4891,3231,1,0
4761,3232,0,2
4926,3232,1,0
4942,3232,1,0
4982,3233,1,0
4986,3233,1,0
5062,3233,1,0
5063,3233,1,0
5002,3234,1,0
5023,3234,1,0
5063,3234,1,0
5069,3234,1,0
4761,3235,0,2
5030,3235,1,0
5064,3235,1,0
5085,3235,1,0
5093,3235,1,0
5105,3235,1,0
5615,3235,1,0
5616,3235,1,0
5154,3236,1,0
5542,3236,1,0
5579,3236,1,0
5581,3236,1,0
5138,3237,1,0
5173,3237,1,0
5480,3237,1,0
5512,3237,1,0
4761,3238,0,2
4982,3238,1,0
5209,3238,1,0
5266,3238,1,0
5304,3238,1,0
5466,3238,1,0
5383,3239,1,0
5419,3239,1,0
5345,3240,1,0
5385,3240,1,0
5410,3240,1,0
4761,3242,0,2
4761,3245,0,2
4761,3248,0,2
4761,3251,0,2
4761,3254,0,2
4761,3257,0,2
6051,3258,1,0
4761,3260,0,2
4761,3263,0,2
4761,3266,0,2
4761,3269,0,2
4761,3272,0,2
4761,3274,0,2
4761,3280,0,2
4761,3283,0,2
4761,3286,0,2
4761,3289,0,2
4761,3292,0,2
4761,3294,0,2
4982,3295,1,0
4761,3297,0,2
264,3300,1,0
4761,3300,0,2
4982,3301,1,0
4761,3303,0,2
4761,3305,0,2
4761,3308,0,2
4761,3311,0,2
4761,3314,0,2
4761,3316,0,2
4761,3319,0,2
4761,3321,0,2
4982,3321,1,0
4761,3324,0,2
4761,3326,0,2
6040,3326,1,0
4761,3328,0,2
4761,3330,0,2
4761,3332,0,3
263,3334,1,0
4761,3336,0,2
4761,3338,0,2
4761,3340,0,2
4761,3342,0,2
4761,3344,0,2
4761,3346,0,2
4761,3347,0,2
4761,3349,0,2
4761,3350,0,2
4761,3351,0,2
4761,3352,0,2
4761,3353,0,2
5999,3355,1,0
4761,3356,0,2
4761,3357,0,2
4761,3358,0,2
4761,3360,0,2
4761,3361,0,2
4982,3361,1,0
4761,3363,0,2
4761,3364,0,2
4761,3365,0,2
4761,3366,0,2
4761,3367,0,2
4761,3368,0,4
4761,3369,0,4
6034,3369,1,0
4761,3370,0,4
4761,3371,0,2
4761,3372,0,2
4761,3373,0,4
4761,3374,0,2
4761,3375,0,2
4761,3376,0,4
4761,3378,0,2
4761,3379,0,2
4761,3380,0,4
262,3381,1,0
4761,3381,0,2
4761,3382,0,6
4761,3383,0,4
4761,3384,0,6
4761,3385,0,4
4761,3386,0,4
4982,3386,1,0
4761,3387,0,2
4761,3388,0,2
4761,3389,0,2
4761,3390,0,2
4761,3392,0,2
4761,3393,0,2
4761,3396,0,2
4761,3398,0,2
4761,3399,0,2
4761,3400,0,2
4761,3401,0,2
4761,3402,0,2
4761,3403,0,2
4761,3404,0,2
4761,3405,0,2
4761,3407,0,2
4761,3408,0,2
4761,3409,0,2
4761,3411,0,2
262,3412,1,0
4761,3412,0,2
6027,3412,1,0
4761,3414,0,2
4761,3416,0,2
4761,3418,0,2
4761,3420,0,2
5988,3420,1,0
4761,3422,0,2
4761,3424,0,2
4761,3426,0,2
4761,3429,0,2
4761,3431,0,2
4761,3432,0,2
4761,3435,0,2
4761,3437,0,2
4761,3439,0,2
4761,3440,0,2
4761,3442,0,2
262,3444,1,0
4761,3444,0,2
4761,3446,0,2
4761,3448,0,2
261,3449,1,0
4761,3450,0,2
4982,3451,1,0
4761,3452,0,2
4982,3452,1,0
4761,3454,0,2
4761,3456,0,2
4761,3458,0,2
4761,3461,0,2
262,3462,1,0
4761,3463,0,2
4761,3466,0,2
4761,3468,0,2
4761,3470,0,2
4761,3472,0,2
4982,3472,1,0
4761,3475,0,2
4761,3477,0,2
4761,3479,0,2
261,3480,1,0
4761,3481,0,2
4761,3486,0,2
4761,3488,0,2
4761,3491,0,2
4761,3494,0,2
4761,3496,0,2
4761,3499,0,2
4761,3502,0,2
4762,3505,0,2
4762,3507,0,2
4762,3510,0,2
5975,3510,1,0
4761,3512,0,2
4761,3514,0,2
6011,3515,1,0
4761,3517,0,2
4981,3518,1,0
254,3519,1,0
4761,3519,0,2
4761,3521,0,2
4761,3523,0,2
4761,3526,0,2
4761,3528,0,2
4761,3530,0,2
250,3532,1,0
4762,3532,0,2
261,3534,1,0
4762,3535,0,2
4762,3537,0,2
4762,3539,0,2
4762,3542,0,2
4761,3547,0,2
4761,3550,0,2
4761,3552,0,2
4761,3555,0,2
4982,3556,1,0
249,3558,1,0
262,3558,1,0
4761,3558,0,2
4761,3561,0,2
4761,3564,0,2
4761,3567,0,2
4761,3570,0,2
249,3571,1,0
4761,3572,0,2
4761,3575,0,2
249,3578,2,0
4761,3578,0,2
4761,3581,0,2
4762,3584,0,2
249,3585,1,0
4762,3587,0,2
4762,3590,0,2
260,3593,1,0
4762,3593,0,2
5964,3593,1,0
4762,3596,0,2
4982,3596,1,0
4762,3599,0,2
4762,3602,0,2
4762,3605,0,2
4762,3608,0,2
262,3610,1,0
4762,3611,0,2
5962,3614,1,0
4762,3618,0,2
4762,3621,0,2
4762,3624,0,2
4762,3627,0,2
4762,3630,0,2
4982,3632,1,0
4762,3633,0,2
4762,3637,0,2
4762,3640,0,2
4762,3643,0,2
4982,3645,1,0
4762,3646,0,2
250,3647,1,0
261,3647,1,0
4762,3649,0,2
260,3650,1,0
4762,3652,0,2
4762,3655,0,2
4762,3658,0,2
4762,3660,0,2
4980,3660,1,0
276,3661,1,0
4762,3663,0,2
4762,3666,0,2
4762,3669,0,2
5956,3671,1,0
268,3672,1,0
4762,3672,0,2
4762,3674,0,2
4762,3677,0,2
4762,3680,0,2
4762,3685,0,2
4762,3688,0,2
4762,3691,0,2
4982,3693,1,0
260,3694,1,0
4762,3694,0,2
4762,3696,0,2
4762,3699,0,2
252,3701,1,0
4762,3702,0,2
4762,3705,0,2
271,3706,1,0
279,3706,1,0
260,3707,1,0
4762,3708,0,2
4762,3710,0,2
4981,3710,1,0
281,3712,1,0
4762,3713,0,2
4762,3715,0,2
4981,3716,1,0
4762,3718,0,2
5952,3720,1,0
4762,3721,0,2
4762,3723,0,2
4762,3726,0,2
261,3727,1,0
4762,3728,0,2
4980,3729,1,0
4762,3731,0,2
4762,3733,0,2
4762,3736,0,2
4762,3739,0,2
254,3742,1,0
4762,3742,0,2
284,3743,1,0
4762,3744,0,2
4762,3750,0,2
4977,3752,1,0
4762,3753,0,2
4762,3756,0,2
5935,3756,1,0
276,3759,1,0
4762,3759,0,2
254,3762,1,0
283,3762,1,0
4762,3762,0,2
4762,3764,0,2
261,3765,1,0
4762,3767,0,2
5948,3767,1,0
4762,3770,0,2
4762,3773,0,2
5947,3774,1,0
4762,3776,0,2
4762,3779,0,2
4979,3780,1,0
4762,3781,0,2
5935,3782,1,0
4762,3784,0,2
4762,3787,0,2
5947,3789,1,0
4762,3790,0,2
4762,3793,0,2
279,3795,1,0
4762,3796,0,2
4762,3799,0,2
5946,3800,1,0
4762,3801,0,2
4762,3804,0,2
4762,3807,0,2
4980,3807,1,0
258,3810,1,0
4762,3810,0,2
5945,3811,1,0
5934,3812,1,0
267,3815,1,0
4762,3815,0,2
265,3818,1,0
4762,3818,0,2
4762,3821,0,2
4762,3824,0,2
301,3825,1,0
4762,3826,0,2
4762,3829,0,2
4762,3832,0,2
5944,3834,1,0
4762,3835,0,2
4762,3838,0,2
4762,3840,0,2
4762,3843,0,2
5944,3844,1,0
4762,3846,0,2
314,3847,1,0
4762,3849,0,2
4762,3852,0,2
4762,3855,0,2
4762,3857,0,2
4762,3860,0,2
4762,3863,0,2
4981,3863,1,0
4762,3865,0,2
4762,3868,0,2
270,3869,1,0
4762,3871,0,2
5930,3873,1,0
273,3874,1,0
4762,3874,0,2
264,3877,1,0
4762,3877,0,2
4762,3882,0,2
4762,3885,0,2
4762,3888,0,2
272,3890,1,0
4762,3891,0,2
283,3892,1,0
523,3892,1,0
391,3893,1,0
523,3893,1,0
523,3894,1,0
4762,3894,0,2
420,3895,1,0
481,3896,1,0
522,3896,1,0
531,3896,1,0
424,3897,1,0
510,3897,1,0
520,3897,1,0
4762,3897,0,2
539,3898,1,0
553,3898,1,0
582,3898,1,0
4762,3899,0,2
5929,3900,1,0
4762,3902,0,2
291,3905,1,0
4762,3905,0,2
4762,3908,0,2
4982,3910,1,0
4762,3911,0,2
542,3913,1,0
4762,3914,0,2
4762,3918,0,2
4762,3921,0,2
5928,3923,1,0
4762,3924,0,2
4762,3927,0,2
4762,3931,0,2
603,3932,1,0
604,3932,2,0
603,3933,2,0
559,3934,1,0
567,3934,1,0
577,3934,1,0
602,3934,1,0
4762,3934,0,2
601,3935,2,0
584,3936,1,0
588,3937,1,0
597,3937,1,0
600,3937,2,0
4762,3937,0,2
284,3938,1,0
292,3940,1,0
4762,3940,0,2
542,3942,1,0
558,3942,1,0
5927,3942,1,0
4762,3943,0,2
4762,3946,0,2
544,3948,1,0
548,3949,1,0
556,3949,1,0
4762,3949,0,2
4982,3953,1,0
4762,3955,0,2
4762,3958,0,2
4762,3960,0,2
4762,3963,0,2
4762,3966,0,2
5926,3968,1,0
4762,3969,0,2
4762,3972,0,2
4762,3975,0,2
4762,3978,0,2
4762,3981,0,2
5925,3981,1,0
285,3983,1,0
4762,3985,0,2
4762,3988,0,2
4762,3991,0,2
5923,3993,1,0
4762,3995,0,2
4762,3998,0,2
292,3999,1,0
4762,4001,0,2
4762,4004,0,2
5923,4004,1,0
4762,4008,0,2
4762,4011,0,2
4982,4013,1,0
4762,4014,0,2
4762,4017,0,2
5922,4018,1,0
4762,4021,0,2
284,4025,1,0
4762,4027,0,2
4762,4030,0,2
5922,4031,1,0
4762,4033,0,2
4762,4036,0,2
5910,4037,1,0
4762,4039,0,2
291,4041,1,0
4762,4042,0,2
4983,4043,1,0
4762,4045,0,2
5922,4045,1,0
278,4047,1,0
4982,4047,1,0
4762,4048,0,2
4762,4051,0,2
4762,4054,0,2
5909,4056,1,0
4763,4057,0,2
4763,4060,0,2
4763,4063,0,2
4763,4066,0,2
4983,4067,1,0
4763,4068,0,2
4982,4070,1,0
5909,4070,1,0
4763,4071,0,2
5921,4072,1,0
4763,4074,0,2
4763,4077,0,2
4763,4080,0,2
4763,4083,0,2
5908,4083,1,0
278,4085,1,0
290,4085,1,0
4763,4086,0,2
4763,4089,0,2
5920,4091,1,0
4762,4095,0,2
4762,4097,0,2
282,4100,1,0
4762,4100,0,2
5907,4101,1,0
4763,4103,0,2
4763,4106,0,2
4763,4108,0,2
4763,4111,0,2
4763,4114,0,2
4763,4116,0,2
5906,4117,1,0
4763,4119,0,2
5919,4121,1,0
4763,4122,0,2
4763,4125,0,2
4763,4127,0,2
289,4128,1,0
4763,4130,0,2
5906,4131,1,0
4763,4133,0,2
4983,4133,1,0
5905,4135,1,0
4763,4136,0,2
4763,4139,0,2
281,4142,1,0
4763,4142,0,2
4763,4145,0,2
276,4148,1,0
4763,4148,0,2
4763,4151,0,2
5904,4151,1,0
289,4154,1,0
4763,4154,0,2
5904,4158,1,0
4763,4160,0,2
5917,4160,1,0
4763,4163,0,2
4763,4166,0,2
4763,4169,0,2
4982,4170,1,0
4763,4171,0,2
4763,4174,0,2
4763,4177,0,2
5902,4178,1,0
4763,4179,0,2
5916,4179,1,0
4763,4182,0,2
4763,4185,0,2
4763,4187,0,2
4762,4189,0,2
280,4190,1,0
288,4191,1,0
4762,4192,0,2
275,4194,1,0
4762,4194,0,2
4762,4197,0,2
4983,4197,1,0
5915,4197,1,0
4762,4199,0,2
4762,4202,0,2
4762,4204,0,2
4762,4206,0,2
283,4207,1,0
4762,4209,0,2
4762,4211,0,2
4762,4214,0,2
5913,4215,1,0
5897,4218,1,0
4761,4219,0,2
4761,4221,0,2
5913,4222,1,0
4761,4224,0,2
4761,4226,0,2
4761,4228,0,2
4983,4230,1,0
4761,4231,0,2
4761,4233,0,2
5894,4233,1,0
4761,4236,0,2
4760,4238,0,2
4983,4239,1,0
5912,4240,1,0
4760,4241,0,2
5893,4242,1,0
4760,4244,0,2
4760,4246,0,2
4760,4249,0,2
5891,4251,1,0
279,4252,1,0
4759,4252,0,2
4759,4254,0,2
4759,4257,0,2
5911,4257,1,0
4759,4260,0,2
5888,4261,1,0
282,4262,1,0
286,4262,1,0
4758,4263,0,2
4758,4265,0,2
4758,4268,0,2
5911,4270,1,0
4757,4271,0,2
4757,4277,0,2
4756,4280,0,2
4756,4283,0,2
5882,4284,1,0
4755,4285,0,2
4755,4288,0,2
4983,4288,1,0
4754,4291,0,2
4754,4294,0,2
276,4295,1,0
4753,4297,0,2
5878,4297,1,0
4753,4300,0,2
284,4301,1,0
5877,4301,1,0
4752,4302,0,2
4751,4305,0,2
4751,4308,0,2
4750,4310,0,2
4749,4313,0,2
4749,4316,0,2
4748,4318,0,2
4747,4321,0,2
5869,4323,1,0
4746,4324,0,2
4746,4326,0,2
280,4329,1,0
4745,4329,0,2
4744,4332,0,2
4743,4335,0,2
288,4338,1,0
4741,4341,0,2
5861,4341,1,0
4740,4343,0,2
4739,4346,0,2
4738,4349,0,2
4737,4352,0,2
4735,4355,0,2
4734,4358,0,2
4733,4361,0,2
4732,4364,0,2
287,4367,1,0
4730,4367,0,2
4729,4370,0,2
5848,4370,1,0
4728,4373,0,2
4726,4376,0,2
297,4378,1,0
4725,4378,0,2
4723,4381,0,2
4722,4384,0,2
4720,4387,0,2
4719,4390,0,2
4983,4391,1,0
4717,4392,0,2
4716,4395,0,2
4714,4398,0,2
4713,4400,0,2
4711,4403,0,2
299,4405,1,0
4707,4409,0,2
4706,4411,0,2
4704,4414,0,2
5823,4415,1,0
4702,4417,0,2
4979,4417,1,0
4700,4420,0,2
4698,4422,0,2
4696,4425,0,2
4694,4428,0,2
4692,4431,0,2
4690,4433,0,2
4983,4433,1,0
400,4436,1,0
4687,4436,0,2
5822,4436,1,0
319,4437,1,0
4685,4438,0,2
4683,4441,0,2
5995,4441,1,0
4681,4444,0,2
4679,4446,0,2
5816,4447,1,0
4677,4449,0,2
4674,4451,0,2
4672,4454,0,2
4975,4454,1,0
4670,4456,0,2
4668,4458,0,2
4665,4461,0,2
324,4462,1,0
4663,4463,0,2
4658,4468,0,2
4656,4471,0,2
5973,4472,1,0
4653,4473,0,2
4983,4475,1,0
4651,4476,0,2
337,4477,1,0
406,4478,1,0
4648,4478,0,2
4646,4480,0,2
4643,4482,0,2
4641,4485,0,2
4639,4487,0,2
4637,4489,0,2
4634,4491,0,2
4632,4493,0,2
4630,4495,0,2
340,4496,1,0
5789,4496,1,0
4627,4497,0,2
4969,4497,1,0
4625,4499,0,2
5952,4500,1,0
4623,4501,0,2
4621,4503,0,2
4618,4505,0,2
4616,4507,0,2
4614,4509,0,2
5783,4509,1,0
355,4511,1,0
4611,4511,0,2
4609,4513,0,2
4607,4515,0,2
406,4519,1,0
4602,4519,0,2
4600,4521,0,2
4597,4523,0,2
413,4525,1,0
4595,4525,0,2
4593,4527,0,2
4590,4529,0,2
4588,4531,0,2
4586,4533,0,2
4584,4535,0,2
359,4536,1,0
4581,4537,0,2
408,4538,1,0
4579,4538,0,2
4983,4539,1,0
4577,4540,0,2
4574,4542,0,2
4572,4544,0,2
5767,4544,1,0
5918,4545,1,0
4570,4546,0,2
4567,4548,0,2
4565,4550,0,2
4563,4552,0,2
4560,4554,0,2
4558,4556,0,2
4556,4558,0,2
5142,4559,1,0
4553,4560,0,2
4549,4564,0,2
4547,4566,0,2
4544,4568,0,2
4542,4570,0,2
420,4572,1,0
4540,4572,0,2
4983,4572,1,0
379,4574,1,0
4538,4574,0,2
4536,4575,0,2
4533,4577,0,2
5893,4578,1,0
4531,4579,0,2
4529,4581,0,2
4527,4582,0,2
4525,4584,0,2
4523,4586,0,2
4521,4588,0,2
4519,4590,0,2
4517,4591,0,2
4515,4593,0,2
4513,4595,0,2
379,4597,1,0
4511,4597,0,2
417,4598,1,0
4508,4598,0,2
4506,4600,0,2
5745,4600,1,0
4504,4602,0,2
5127,4603,1,0
4502,4604,0,2
4498,4607,0,2
5872,4608,1,0
4496,4609,0,2
4494,4610,0,2
4492,4612,0,2
4490,4614,0,2
4488,4615,0,2
4486,4617,0,2
4484,4619,0,2
4482,4620,0,2
4480,4622,0,2
5118,4622,1,0
4478,4624,0,2
4476,4626,0,2
4474,4628,0,2
4472,4629,0,2
4470,4631,0,2
4468,4633,0,2
4466,4634,0,2
4465,4635,0,2
422,4636,1,0
4463,4637,0,2
4462,4638,0,2
430,4639,1,0
4461,4639,0,2
4460,4640,0,2
4459,4641,0,2
4457,4642,0,2
4456,4643,0,2
4455,4644,0,2
4454,4645,0,2
4453,4646,0,2
4452,4647,0,2
4451,4648,0,2
4448,4649,0,2
4449,4649,0,2
4447,4650,0,2
4447,4651,0,2
4445,4652,0,2
4446,4652,0,2
4444,4653,0,2
4445,4653,0,2
4443,4654,0,4
4442,4655,0,2
4441,4656,0,2
4440,4657,0,4
4439,4658,0,2
4438,4659,0,2
4437,4660,0,2
4435,4661,0,2
4436,4661,0,2
4435,4662,0,2
4434,4663,0,2
4432,4664,0,2
4433,4664,0,2
4431,4665,0,2
4430,4666,0,2
4428,4667,0,2
4429,4667,0,2
4427,4668,0,2
4426,4669,0,2
4425,4670,0,2
4423,4671,0,2
4422,4672,0,2
4420,4674,0,2
4418,4675,0,2
4417,4676,0,2
4415,4678,0,2
4413,4679,0,2
4411,4681,0,2
1444,4682,0,2
4409,4682,0,2
436,4683,1,0
1444,4683,0,2
1444,4684,0,4
1444,4685,0,2
1444,4686,0,2
4405,4686,0,2
1444,4687,0,2
4404,4687,0,2
1444,4688,0,2
1444,4689,0,2
4402,4689,0,2
1444,4690,0,2
4400,4690,0,2
1444,4692,0,2
4398,4692,0,2
1444,4693,0,2
4397,4693,0,2
430,4694,1,0
4395,4694,0,2
1444,4695,0,2
1444,4696,0,2
4393,4696,0,2
1444,4697,0,4
4392,4697,0,2
1444,4698,0,2
1444,4699,0,2
4390,4699,0,2
1444,4700,0,4
4389,4700,0,2
5073,4700,1,0
1444,4701,0,52
4387,4701,0,2
1444,4702,0,20
4386,4702,0,2
1444,4703,0,2
4385,4703,0,2
1444,4704,0,2
4384,4704,0,2
1444,4705,0,2
4383,4705,0,2
1444,4706,0,2
4381,4706,0,2
4382,4706,0,2
1444,4707,0,2
4380,4707,0,2
4381,4707,0,2
4379,4708,0,2
4380,4708,0,2
1444,4709,0,2
4378,4709,0,10
1444,4710,0,2
4376,4710,0,2
4377,4710,0,8
440,4711,1,0
1444,4711,0,2
4375,4711,0,2
4376,4711,0,2
4374,4712,0,2
1444,4713,0,2
4373,4713,0,2
4374,4713,0,2
1444,4714,0,2
4372,4714,0,2
4371,4715,0,2
4372,4715,0,2
1444,4716,0,2
4370,4716,0,2
4369,4717,0,2
1444,4718,0,2
4367,4718,0,2
4368,4718,0,2
1444,4719,0,2
4366,4719,0,2
4365,4720,0,2
1444,4721,0,2
4364,4721,0,2
1444,4722,0,2
4363,4722,0,4
4362,4723,0,2
1444,4724,0,2
4361,4724,0,2
1444,4725,0,2
4359,4725,0,2
4360,4725,0,2
1444,4726,0,2
4358,4726,0,2
4357,4727,0,2
1444,4728,0,2
4356,4728,0,2
1444,4729,0,2
4354,4729,0,2
4355,4729,0,2
1444,4730,0,4
4353,4730,0,2
4354,4730,0,2
1444,4731,0,2
4352,4731,0,2
1444,4732,0,2
4351,4732,0,2
4352,4732,0,2
436,4733,1,0
1443,4733,0,2
4350,4733,0,4
443,4734,1,0
4349,4734,0,2
1443,4735,0,2
4348,4735,0,4
4346,4736,0,2
4347,4736,0,2
1443,4737,0,2
4345,4737,0,2
4346,4737,0,2
1443,4738,0,2
4344,4738,0,4
1443,4739,0,2
4343,4739,0,4
1443,4740,0,2
4342,4740,0,4
5043,4740,1,0
1443,4741,0,2
4340,4741,0,2
4341,4741,0,2
4339,4742,0,2
1443,4743,0,2
4338,4743,0,2
1443,4744,0,2
4337,4744,0,4
1443,4745,0,2
4336,4745,0,2
1443,4746,0,2
4335,4746,0,2
1444,4747,0,4
4333,4747,0,2
4334,4747,0,2
1445,4748,0,4
1446,4748,0,2
1447,4748,0,4
4332,4748,0,2
1448,4749,0,2
1449,4749,0,2
1450,4749,0,2
1451,4749,0,4
1452,4749,0,2
1453,4749,0,2
1454,4749,0,4
1455,4749,0,4
1456,4749,0,2
1457,4749,0,4
1458,4749,0,2
1459,4749,0,2
1460,4749,0,2
1461,4749,0,2
1462,4749,0,2
1463,4749,0,4
4331,4749,0,2
1464,4750,0,2
1465,4750,0,2
1466,4750,0,2
1467,4750,0,4
1468,4750,0,16
1469,4750,0,6
1470,4750,0,4
1471,4750,0,2
1472,4750,0,2
1473,4750,0,2
1474,4750,0,2
1475,4750,0,2
1476,4750,0,2
1477,4750,0,2
4330,4750,0,2
1478,4751,0,2
1480,4751,0,2
1481,4751,0,2
1483,4751,0,2
1484,4751,0,2
1486,4751,0,2
1487,4751,0,2
1490,4751,0,2
4328,4751,0,2
4329,4751,0,2
1491,4752,0,2
1493,4752,0,2
1494,4752,0,2
1495,4752,0,2
1496,4752,0,2
1497,4752,0,2
1498,4752,0,2
1499,4752,0,2
1501,4752,0,2
1502,4752,0,2
1503,4752,0,2
1504,4752,0,4
4327,4752,0,2
1505,4753,0,4
1506,4753,0,2
1508,4753,0,2
1509,4753,0,2
1511,4753,0,2
1512,4753,0,2
1514,4753,0,2
4326,4753,0,2
1515,4754,0,2
1518,4754,0,4
4325,4754,0,2
1519,4755,0,2
1520,4755,0,2
4324,4755,0,2
4325,4755,0,2
1520,4756,0,2
4323,4756,0,2
1521,4757,0,2
4321,4757,0,2
4322,4757,0,2
1521,4758,0,4
4320,4758,0,2
4321,4758,0,2
1521,4759,0,2
4319,4759,0,2
1521,4760,0,2
4318,4760,0,4
4317,4761,0,2
1521,4762,0,2
4315,4762,0,2
4316,4762,0,2
483,4763,1,0
1521,4763,0,2
4315,4763,0,2
4314,4764,0,2
1520,4765,0,2
4312,4765,0,2
1520,4766,0,2
4311,4766,0,4
4310,4767,0,2
1520,4768,0,2
4309,4768,0,2
4307,4769,0,2
4308,4769,0,2
1520,4770,0,2
4306,4770,0,2
442,4771,1,0
1520,4771,0,2
4305,4771,0,2
4304,4772,0,2
1520,4773,0,2
4302,4773,0,2
4303,4773,0,2
1520,4774,0,2
1691,4774,1,0
4301,4774,0,2
1695,4775,1,0
1698,4775,1,0
4300,4775,0,2
1520,4776,0,2
1681,4776,1,0
4299,4776,0,2
1519,4777,0,2
1719,4777,1,0
4298,4777,0,2
1519,4778,0,2
4297,4778,0,2
4296,4779,0,2
1519,4780,0,2
1744,4780,1,0
4294,4780,0,2
4293,4781,0,2
1519,4782,0,2
4292,4783,0,2
1519,4784,0,2
4290,4784,0,2
1519,4785,0,2
4289,4785,0,2
1752,4786,1,0
1519,4787,0,2
4287,4787,0,2
1519,4788,0,2
4286,4788,0,2
1519,4789,0,2
4284,4789,0,2
1519,4790,0,2
4283,4790,0,2
1519,4791,0,2
4282,4791,0,2
1519,4792,0,2
4280,4792,0,2
1518,4793,0,2
1518,4794,0,20
4279,4794,0,2
1518,4795,0,6
4277,4795,0,2
1518,4796,0,2
1750,4796,1,0
4276,4796,0,2
1518,4797,0,2
1518,4798,0,2
4274,4798,0,2
1518,4799,0,2
1670,4799,1,0
4273,4799,0,2
1518,4800,0,2
4271,4800,0,2
1518,4802,0,2
4269,4802,0,2
1518,4803,0,2
4268,4803,0,2
1518,4804,0,2
4266,4805,0,2
1518,4806,0,2
4264,4806,0,2
1518,4808,0,2
4262,4808,0,2
4977,4808,1,0
1665,4809,1,0
4260,4809,0,2
1518,4810,0,2
4259,4811,0,1
1517,4812,0,2
4257,4812,0,2
1517,4814,0,2
1517,4816,0,2
1745,4816,1,0
4253,4816,0,2
4251,4817,0,1
1517,4819,0,2
4249,4819,0,2
4247,4820,0,2
1517,4821,0,2
4245,4822,0,2
1517,4824,0,2
4243,4824,0,2
1742,4825,1,0
4241,4825,0,2
449,4826,1,0
1517,4826,0,2
1740,4827,8,0
4239,4827,0,2
1741,4828,4,0
1517,4829,0,2
1741,4829,3,0
4237,4829,0,2
1516,4831,0,2
4235,4831,0,2
4233,4832,0,2
1516,4834,0,2
1740,4834,1,0
4231,4834,0,2
1516,4836,0,2
4229,4836,0,2
4227,4838,0,2
1516,4839,0,2
4225,4839,0,2
486,4840,1,0
4223,4841,0,2
1516,4842,0,2
1738,4842,1,0
4221,4843,0,2
4835,4843,1,0
4219,4845,0,2
1516,4847,0,2
4217,4847,0,2
4831,4847,1,0
1516,4849,0,2
4214,4849,0,2
4212,4850,0,2
4928,4850,1,0
460,4851,1,0
1515,4852,0,2
496,4853,1,0
1515,4854,0,2
4208,4854,0,2
4205,4856,0,2
5567,4856,1,0
1515,4857,0,2
4203,4858,0,2
1515,4859,0,2
1739,4860,1,0
4201,4860,0,2
1515,4861,0,2
4199,4862,0,2
4197,4863,0,2
489,4864,1,0
1515,4864,0,2
4195,4865,0,2
1514,4866,0,2
4193,4867,0,2
1514,4869,0,2
4191,4869,0,2
4189,4870,0,2
1514,4871,0,2
4187,4872,0,2
1514,4873,0,2
456,4874,1,0
4185,4874,0,2
1514,4875,0,2
4183,4875,0,2
1514,4877,0,2
4181,4877,0,2
1738,4878,1,0
1513,4879,0,2
4179,4879,0,2
1513,4880,0,2
4893,4880,1,0
4177,4881,0,2
1513,4882,0,2
4174,4883,0,2
1513,4884,0,2
4172,4884,0,2
1513,4885,0,2
1513,4886,0,2
4170,4886,0,2
1513,4888,0,2
4168,4888,0,2
1513,4889,0,2
1737,4889,13,0
1738,4889,11,0
1513,4890,0,2
1735,4890,6,0
1736,4890,1,0
1737,4890,18,0
1738,4890,3,0
1739,4890,1,0
4166,4890,0,2
1736,4891,7,0
1737,4891,15,0
1738,4891,8,0
1739,4891,5,0
4164,4891,0,2
1736,4892,5,0
1737,4892,2,0
1738,4892,10,0
1739,4892,5,0
1736,4893,2,0
1737,4893,1,0
1738,4893,3,0
1739,4893,3,0
4162,4893,0,2
467,4894,1,0
1513,4894,0,2
1623,4894,1,0
1736,4894,1,0
1737,4894,6,0
1736,4895,8,0
1737,4895,1,0
1513,4896,0,2
1622,4896,2,0
1737,4896,1,0
1621,4897,1,0
1622,4897,1,0
1737,4897,1,0
1738,4897,2,0
4157,4897,0,2
1513,4898,0,2
4155,4899,0,2
1512,4900,0,2
4152,4901,0,2
1512,4902,0,2
4150,4903,0,2
1512,4904,0,2
1620,4904,1,0
4147,4905,0,2
1512,4906,0,2
4761,4906,1,0
4145,4908,0,2
1512,4909,0,2
5542,4909,1,0
4142,4910,0,2
1512,4911,0,2
1739,4911,1,0
4140,4912,0,2
1511,4913,0,2
4137,4914,0,2
497,4915,1,0
1511,4915,0,2
4134,4916,0,2
1511,4917,0,2
1511,4919,0,2
4132,4919,0,2
1511,4921,0,2
4129,4921,0,2
1510,4923,0,2
1739,4924,1,0
4126,4924,0,2
1510,4925,0,2
1510,4926,0,2
4123,4926,0,2
1509,4928,0,2
1739,4928,3,0
1740,4929,1,0
4120,4929,0,2
4733,4929,1,0
1508,4930,0,2
1620,4930,1,0
4117,4931,0,2
1507,4932,0,2
1506,4933,0,2
4114,4933,0,2
4727,4934,1,0
1506,4935,0,2
4112,4936,0,2
5717,4936,1,0
1504,4937,0,2
4109,4938,0,2
1502,4940,0,2
4107,4940,0,2
4719,4941,1,0
473,4942,1,0
1500,4942,0,2
1618,4942,1,0
4104,4942,0,2
466,4943,1,0
1499,4943,0,2
4101,4944,0,2
1497,4945,0,2
4713,4945,1,0
1495,4946,0,2
1494,4947,0,2
1492,4949,0,2
4097,4949,0,2
1490,4950,0,2
1488,4951,0,2
4094,4951,0,2
1486,4953,0,2
4092,4953,0,2
1484,4954,0,2
4090,4954,0,2
1483,4955,0,2
1739,4955,1,0
4087,4956,0,2
1481,4957,0,2
1479,4958,0,2
4085,4958,0,2
1477,4959,0,2
1476,4960,0,2
4083,4960,0,2
1474,4961,0,2
4695,4961,1,0
4081,4962,0,2
1472,4963,0,2
1471,4964,0,2
4079,4964,0,2
1469,4965,0,2
1468,4966,0,2
4076,4966,0,2
1467,4967,0,2
4074,4967,0,2
1466,4968,0,2
4072,4969,0,2
1465,4970,0,2
4070,4971,0,2
1464,4973,0,2
4067,4973,0,2
1739,4974,1,0
4679,4974,1,0
514,4975,1,0
1463,4975,0,2
4065,4975,0,2
1463,4976,0,2
4063,4977,0,2
1463,4978,0,2
4060,4979,0,2
1463,4980,0,2
1464,4981,0,2
4058,4981,0,2
4670,4981,1,0
1465,4983,0,2
4056,4983,0,2
1466,4984,0,2
1467,4985,0,2
4053,4985,0,2
507,4986,1,0
1468,4986,0,2
1469,4987,0,2
4051,4987,0,2
1471,4988,0,2
480,4989,1,0
1473,4989,0,2
1475,4989,0,2
1503,4989,0,2
1505,4989,0,2
1507,4989,0,2
4048,4989,0,2
1477,4990,0,2
1479,4990,0,2
1481,4990,0,2
1483,4990,0,2
1485,4990,0,2
1488,4990,0,2
1490,4990,0,2
1492,4990,0,2
1494,4990,0,2
1497,4990,0,2
1501,4990,0,2
1509,4990,0,2
1511,4990,0,2
1513,4990,0,2
1515,4990,0,2
1516,4990,0,2
1519,4990,0,2
1521,4990,0,2
1523,4990,0,2
1525,4990,0,2
1527,4990,0,2
1529,4990,0,2
1532,4990,0,2
1534,4990,0,2
1536,4990,0,2
1539,4990,0,2
1541,4990,0,2
1543,4990,0,2
1545,4990,0,2
1547,4990,0,2
1550,4991,0,2
1554,4991,0,2
1557,4991,0,2
1560,4991,0,2
1562,4991,0,2
1565,4991,0,2
1568,4991,0,2
1571,4991,0,2
1574,4991,0,2
1577,4991,0,2
1579,4991,0,2
1582,4991,0,2
1585,4991,0,2
1587,4991,0,2
4659,4991,1,0
1590,4992,0,2
1593,4992,0,2
1595,4992,0,2
1598,4992,0,2
1600,4992,0,2
1603,4992,0,2
1606,4992,0,2
1608,4992,0,2
1611,4992,0,2
1613,4992,0,2
1618,4993,0,2
1620,4993,0,2
1622,4993,0,2
1625,4993,0,2
1627,4993,0,2
1630,4993,0,2
1632,4993,0,2
4043,4993,0,2
1635,4994,0,2
1637,4994,0,2
1640,4994,0,2
1643,4994,0,2
1645,4994,0,2
1648,4994,0,2
1651,4994,0,2
1653,4994,0,2
1656,4994,0,2
1659,4994,0,2
1661,4994,0,2
1664,4994,0,2
1667,4994,0,2
1670,4994,0,2
1673,4994,0,2
1675,4995,0,2
1678,4995,0,2
1683,4995,0,2
1685,4995,0,2
1688,4995,0,2
1690,4995,0,2
1692,4995,0,2
1694,4995,0,2
1696,4995,0,2
1698,4995,0,2
1700,4995,0,2
1702,4995,0,2
1704,4995,0,2
1738,4995,1,0
4041,4995,0,2
1706,4996,0,2
1707,4996,0,2
1709,4996,0,2
1710,4996,0,2
1712,4996,0,2
1713,4996,0,2
1715,4996,0,2
1716,4996,0,2
1718,4996,0,2
1719,4996,0,2
1721,4996,0,2
1724,4996,0,2
1728,4996,0,2
1730,4996,0,2
1733,4996,0,2
1772,4996,0,2
1775,4996,0,2
4038,4996,0,2
1735,4997,0,2
1737,4997,0,2
1739,4997,0,2
1741,4997,0,2
1743,4997,0,2
1745,4997,0,2
1748,4997,0,2
1750,4997,0,2
1752,4997,0,2
1754,4997,0,2
1756,4997,0,2
1758,4997,0,2
1760,4997,0,2
1762,4997,0,2
1764,4997,0,2
1766,4997,0,2
1769,4997,0,2
1778,4998,0,2
4036,4998,0,2
1781,5000,0,2
1785,5000,0,2
1786,5000,0,2
1787,5000,0,4
1788,5000,0,2
1789,5000,0,4
1790,5000,0,2
1791,5000,0,2
1792,5000,0,4
1793,5000,0,2
1794,5000,0,2
1795,5000,0,2
1797,5000,0,2
1798,5000,0,2
1800,5000,0,2
1802,5000,0,2
1804,5000,0,2
1807,5000,0,2
1809,5000,0,2
1811,5000,0,2
4033,5000,0,2
1651,5001,1,0
1814,5001,0,2
1817,5001,0,2
4031,5001,0,2
1670,5002,1,0
1672,5002,2,0
1674,5002,1,0
1683,5002,1,0
1821,5002,0,2
1823,5002,0,2
1825,5002,0,2
1827,5002,0,2
1829,5002,0,2
1848,5002,0,2
1849,5002,0,2
1850,5002,0,2
1852,5002,0,2
1853,5002,0,2
1855,5002,0,2
1856,5002,0,2
1858,5002,0,2
1859,5002,0,2
1862,5002,0,2
1864,5002,0,2
1865,5002,0,2
1867,5002,0,2
1868,5002,0,2
1870,5002,0,2
1872,5002,0,2
1830,5003,0,2
1832,5003,0,2
1834,5003,0,2
1836,5003,0,2
1838,5003,0,2
1840,5003,0,2
1842,5003,0,2
1844,5003,0,2
1846,5003,0,2
1874,5003,0,2
1876,5003,0,2
1878,5003,0,2
1880,5003,0,2
1882,5003,0,2
1884,5003,0,2
1886,5003,0,2
1888,5003,0,2
1890,5003,0,2
1892,5003,0,2
1894,5003,0,2
1895,5003,0,2
1897,5003,0,2
4028,5003,0,2
1702,5004,1,0
1899,5004,0,2
1901,5004,0,2
1903,5004,0,2
1906,5004,0,2
1908,5004,0,2
1909,5004,0,2
1911,5004,0,2
1912,5004,0,2
1913,5004,0,2
1915,5004,0,2
1916,5004,0,2
1917,5004,0,2
1919,5004,0,2
1920,5004,0,2
1922,5004,0,2
1923,5004,0,2
1924,5004,0,2
1703,5005,1,0
1720,5005,1,0
1733,5005,1,0
1925,5005,0,2
1926,5005,0,2
1927,5005,0,2
1928,5005,0,2
1930,5005,0,2
1931,5005,0,2
1932,5005,0,2
1933,5005,0,2
1934,5005,0,4
1936,5005,0,12
1937,5005,0,8
1938,5005,0,10
1939,5005,0,6
1940,5005,0,10
1941,5005,0,2
1942,5005,0,2
1943,5005,0,2
1944,5005,0,4
1945,5005,0,2
1946,5005,0,2
1947,5005,0,2
1948,5005,0,2
1949,5005,0,2
1950,5005,0,4
1951,5005,0,2
1961,5005,0,2
2008,5005,0,2
2009,5005,0,2
4025,5005,0,2
1703,5006,2,0
1708,5006,1,0
1741,5006,1,0
1748,5006,1,0
1751,5006,1,0
1757,5006,1,0
1952,5006,0,2
1953,5006,0,2
1955,5006,0,2
1956,5006,0,2
1957,5006,0,2
1958,5006,0,2
1960,5006,0,2
1963,5006,0,2
1965,5006,0,2
1968,5006,0,2
1969,5006,0,2
1971,5006,0,2
1972,5006,0,2
1973,5006,0,2
1974,5006,0,2
1975,5006,0,2
1976,5006,0,2
1977,5006,0,2
1978,5006,0,2
2010,5006,0,2
2011,5006,0,2
4022,5006,0,2
4641,5006,1,0
1728,5007,1,0
1747,5007,1,0
1764,5007,1,0
1782,5007,1,0
1790,5007,1,0
1795,5007,1,0
1979,5007,0,2
1980,5007,0,2
1981,5007,0,4
1982,5007,0,2
1983,5007,0,4
1984,5007,0,2
1985,5007,0,2
1987,5007,0,2
1988,5007,0,2
1989,5007,0,2
1991,5007,0,2
1993,5007,0,2
1995,5007,0,2
1996,5007,0,2
1998,5007,0,2
2000,5007,0,2
2002,5007,0,2
2007,5007,0,2
2012,5007,0,2
1777,5008,1,0
1781,5008,1,0
2004,5008,0,2
2012,5008,0,2
2013,5008,0,2
2014,5008,0,4
2015,5008,0,2
2017,5008,0,2
2018,5008,0,2
2019,5008,0,2
2021,5008,0,2
2023,5008,0,2
2025,5008,0,2
4020,5008,0,2
1776,5009,1,0
1791,5009,1,0
1811,5009,3,0
2029,5009,0,2
2031,5009,0,2
2033,5009,0,2
2036,5009,0,2
2038,5009,0,2
2041,5009,0,2
2044,5009,0,2
4017,5009,0,2
1795,5010,1,0
1818,5010,1,0
2047,5010,0,2
2049,5010,0,2
2052,5010,0,2
2055,5010,0,2
2058,5010,0,2
2061,5010,0,2
2064,5010,0,2
2067,5010,0,2
2070,5010,0,2
2072,5010,0,2
2075,5010,0,2
1811,5011,1,0
1812,5011,1,0
1834,5011,1,0
2078,5011,0,2
2080,5011,0,2
2083,5011,0,2
2086,5011,0,2
2089,5011,0,2
4014,5011,0,2
2095,5012,0,2
2098,5012,0,2
2101,5012,0,2
2104,5012,0,2
2107,5012,0,2
4011,5012,0,2
1859,5013,1,0
2109,5013,0,2
2112,5013,0,2
2115,5013,0,2
2118,5013,0,2
4008,5013,0,2
2121,5014,0,2
2124,5014,0,2
2127,5014,0,2
2130,5014,0,2
5675,5014,1,0
2133,5015,0,2
2137,5015,0,2
2140,5015,0,2
2143,5015,0,2
2146,5015,0,2
4005,5015,0,2
4630,5015,1,0
520,5016,1,0
2150,5016,0,2
2153,5016,0,2
2156,5016,0,2
2159,5016,0,2
4003,5016,0,2
2163,5017,0,2
2169,5017,0,2
2173,5017,0,2
2176,5017,0,2
2179,5018,0,2
2182,5018,0,2
2185,5018,0,2
2189,5018,0,2
2192,5018,0,2
2195,5018,0,2
4000,5018,0,2
2198,5019,0,2
2200,5019,0,2
2203,5019,0,2
2205,5019,0,2
2208,5019,0,2
3997,5019,0,2
1868,5020,1,0
2210,5020,0,2
2213,5020,0,2
2216,5020,0,2
2218,5020,0,2
2221,5020,0,2
2224,5020,0,2
2226,5020,0,2
2229,5021,0,2
2232,5021,0,2
2234,5021,0,2
2240,5021,0,2
2242,5021,0,2
2245,5021,0,2
2248,5021,0,2
3994,5021,0,2
2250,5022,0,2
2253,5022,0,2
2256,5022,0,2
2258,5022,0,2
2261,5022,0,2
2264,5022,0,2
2266,5022,0,2
2269,5022,0,2
2272,5022,0,2
2275,5022,0,2
3991,5022,0,2
2278,5023,0,2
2280,5023,0,2
2283,5023,0,2
2286,5023,0,2
2289,5023,0,2
2292,5023,0,2
2295,5023,0,2
2297,5023,0,2
3988,5023,0,2
2300,5024,0,2
2302,5024,0,2
2307,5024,0,2
2309,5024,0,2
2312,5024,0,2
2314,5024,0,2
2317,5024,0,2
2320,5024,0,2
2322,5024,0,2
4619,5024,1,0
2325,5025,0,2
2328,5025,0,2
2331,5025,0,2
2334,5025,0,2
2337,5025,0,2
2340,5025,0,2
2343,5025,0,2
2346,5025,0,2
2349,5025,0,2
3985,5025,0,2
2352,5026,0,2
2355,5026,0,2
2358,5026,0,2
2361,5026,0,2
2364,5026,0,2
2367,5026,0,2
2370,5026,0,2
2373,5026,0,2
2379,5027,0,2
2382,5027,0,2
2385,5027,0,2
2388,5027,0,2
2391,5027,0,2
2394,5027,0,2
2396,5027,0,2
513,5028,1,0
2399,5028,0,2
2402,5028,0,2
2405,5028,0,2
2408,5028,0,2
2411,5028,0,2
2414,5028,0,2
2417,5028,0,2
2420,5028,0,2
2422,5028,0,2
2425,5028,0,2
3980,5028,0,2
2428,5029,0,2
2430,5029,0,2
2433,5029,0,2
2436,5029,0,2
2439,5029,0,2
2444,5029,0,2
2447,5029,0,2
3977,5029,0,2
2450,5030,0,2
2452,5030,0,2
2455,5030,0,2
2458,5030,0,2
2460,5030,0,2
2463,5030,0,2
2466,5030,0,2
2468,5030,0,2
2471,5030,0,2
2473,5030,0,2
2475,5031,0,2
2478,5031,0,2
2481,5031,0,2
2483,5031,0,2
2486,5031,0,2
2489,5031,0,2
2491,5031,0,2
2494,5031,0,2
2497,5031,0,2
2500,5031,0,2
3974,5031,0,2
2503,5032,0,2
2506,5032,0,2
2511,5032,0,2
2514,5032,0,2
2517,5032,0,2
2520,5032,0,2
2523,5032,0,2
3971,5032,0,2
2526,5033,0,2
2529,5033,0,2
2532,5033,0,2
2535,5033,0,2
2538,5033,0,2
2540,5033,0,2
2543,5033,0,2
2546,5033,0,2
2549,5033,0,2
2552,5034,0,2
2555,5034,0,2
2558,5034,0,2
2560,5034,0,2
2563,5034,0,2
2566,5034,0,2
2568,5034,0,2
2571,5034,0,2
2574,5034,0,2
3968,5034,0,2
2579,5035,0,2
2582,5035,0,2
2585,5035,0,2
2588,5035,0,2
2591,5035,0,2
2594,5035,0,2
2597,5035,0,2
3965,5035,0,2
4606,5035,1,0
2600,5036,0,2
2603,5036,0,2
2606,5036,0,2
2609,5036,0,2
2612,5036,0,2
2615,5036,0,2
2618,5036,0,2
2621,5036,0,2
2624,5036,0,2
3962,5036,0,2
2628,5037,0,2
2631,5037,0,2
2634,5037,0,2
2637,5037,0,2
2641,5037,0,2
2644,5037,0,2
2647,5037,0,2
2650,5037,0,2
2656,5038,0,2
2659,5038,0,2
2662,5038,0,2
2664,5038,0,2
2667,5038,0,2
2670,5038,0,2
2673,5038,0,2
2675,5038,0,2
2678,5038,0,2
3959,5038,0,2
2681,5039,0,2
2683,5039,0,2
2686,5039,0,2
2689,5039,0,2
2692,5039,0,2
2694,5039,0,2
2697,5039,0,2
2700,5039,0,2
2703,5039,0,2
2705,5039,0,2
3956,5039,0,2
2708,5040,0,2
2711,5040,0,2
2714,5040,0,2
2716,5040,0,2
2722,5040,0,2
2724,5040,0,2
2727,5040,0,2
2730,5040,0,2
2733,5040,0,2
2736,5040,0,2
2739,5041,0,2
2742,5041,0,2
2745,5041,0,2
2747,5041,0,2
2750,5041,0,2
2753,5041,0,2
2756,5041,0,2
2759,5041,0,2
2763,5041,0,2
3953,5041,0,2
2766,5042,0,2
2769,5042,0,2
2772,5042,0,2
2776,5042,0,2
2779,5042,0,2
2782,5042,0,2
2785,5042,0,2
2788,5042,0,2
2792,5042,0,2
2798,5043,0,2
2801,5043,0,2
2804,5043,0,2
2808,5043,0,2
2811,5043,0,2
2814,5043,0,2
2817,5043,0,2
2820,5043,0,2
2823,5043,0,2
3950,5043,0,2
2826,5044,0,2
2829,5044,0,2
2832,5044,0,2
2834,5044,0,2
2837,5044,0,2
2840,5044,0,2
2843,5044,0,2
2846,5044,0,2
3947,5044,0,2
2849,5045,0,2
2852,5045,0,2
2855,5045,0,2
2857,5045,0,2
2860,5045,0,2
2863,5045,0,2
2869,5045,0,2
2872,5045,0,2
2875,5045,0,2
2878,5045,0,2
2880,5045,0,2
3944,5045,0,2
5657,5045,1,0
2883,5046,0,2
2886,5046,0,2
2889,5046,0,2
2891,5046,0,2
2894,5046,0,2
2897,5046,0,2
2899,5046,0,2
2902,5046,0,2
2904,5046,0,2
2906,5046,0,2
2909,5046,0,2
3942,5046,0,2
2911,5047,0,2
2914,5047,0,2
2916,5047,0,2
2918,5047,0,2
2921,5047,0,2
2923,5047,0,2
2925,5047,0,2
2930,5047,0,2
2932,5047,0,2
2934,5047,0,2
2936,5048,0,2
2938,5048,0,2
2940,5048,0,2
2942,5048,0,2
2944,5048,0,2
2947,5048,0,2
2949,5048,0,2
3939,5048,0,2
2951,5049,0,2
2953,5049,0,2
2955,5049,0,2
2958,5049,0,2
2960,5049,0,2
2963,5049,0,2
3936,5049,0,2
2965,5050,0,2
2967,5050,0,2
2970,5050,0,2
2972,5050,0,2
2975,5050,0,2
2977,5050,0,2
2979,5050,0,2
2989,5050,0,2
2991,5050,0,2
3011,5050,0,2
3016,5050,0,2
3019,5050,0,2
3022,5050,0,2
3025,5050,0,2
3028,5050,0,2
3031,5050,0,2
3034,5050,0,2
3037,5050,0,2
3040,5050,0,2
3043,5050,0,2
3045,5050,0,2
2984,5051,0,2
2986,5051,0,2
2993,5051,0,2
2995,5051,0,2
2998,5051,0,2
3000,5051,0,3
3003,5051,0,2
3005,5051,0,2
3008,5051,0,2
3048,5051,0,2
3050,5051,0,2
3053,5051,0,2
3056,5051,0,2
3058,5051,0,2
3061,5051,0,2
3063,5051,0,2
3066,5051,0,2
3069,5051,0,2
3933,5051,0,2
3072,5052,0,2
3075,5052,0,2
3078,5052,0,2
3084,5052,0,2
3087,5052,0,2
3090,5052,0,2
3093,5052,0,2
3096,5052,0,2
3099,5053,0,2
3102,5053,0,2
3105,5053,0,2
3108,5053,0,2
3111,5053,0,2
3114,5053,0,2
3117,5053,0,2
3120,5053,0,2
3123,5053,0,2
3127,5053,0,2
3930,5053,0,2
3130,5054,0,2
3132,5054,0,2
3135,5054,0,2
3138,5054,0,2
3141,5054,0,2
3144,5054,0,2
3147,5054,0,2
3153,5054,0,2
3927,5054,0,2
3156,5055,0,2
3159,5055,0,2
3162,5055,0,2
3165,5055,0,2
3169,5055,0,2
4582,5055,1,0
3172,5056,0,2
3175,5056,0,2
3178,5056,0,2
3181,5056,0,2
3184,5056,0,2
3187,5056,0,2
3190,5056,0,2
3923,5056,0,2
3193,5057,0,2
3196,5057,0,2
3198,5057,0,2
3201,5057,0,2
3204,5057,0,2
3207,5057,0,2
3210,5057,0,2
3213,5057,0,2
3216,5057,0,2
3920,5057,0,2
3219,5058,0,2
3221,5058,0,2
3227,5058,0,2
3230,5058,0,2
3233,5058,0,2
3236,5058,0,2
3239,5058,0,2
3242,5058,0,2
3245,5059,0,2
3248,5059,0,2
3251,5059,0,2
3254,5059,0,2
3257,5059,0,2
3260,5059,0,2
3263,5059,0,2
3266,5059,0,2
3269,5059,0,2
3272,5059,0,2
3917,5059,0,2
3275,5060,0,2
3278,5060,0,2
3280,5060,0,2
3283,5060,0,2
3286,5060,0,2
3289,5060,0,2
3294,5060,0,2
3296,5060,0,2
3299,5060,0,2
3301,5060,0,2
3304,5060,0,2
3306,5060,0,2
3309,5060,0,2
3312,5060,0,2
3314,5060,0,2
3317,5060,0,2
3320,5060,0,2
3322,5060,0,2
3324,5060,0,2
3327,5060,0,2
3329,5060,0,2
3332,5061,0,2
3334,5061,0,2
3337,5061,0,2
3340,5061,0,2
3343,5061,0,2
3345,5061,0,2
3348,5061,0,2
3351,5061,0,2
3356,5061,0,2
3359,5062,0,2
3362,5062,0,2
3364,5062,0,2
3367,5062,0,2
3369,5062,0,2
3372,5062,0,2
3375,5062,0,2
3378,5062,0,2
3380,5062,0,2
3911,5062,0,2
3383,5063,0,2
3386,5063,0,2
3388,5063,0,2
3391,5063,0,2
3394,5063,0,2
3397,5063,0,2
3400,5063,0,2
3402,5063,0,2
3908,5063,0,2
3405,5064,0,2
3408,5064,0,2
3411,5064,0,2
3413,5064,0,2
3416,5064,0,2
3419,5064,0,2
3424,5064,0,2
3427,5064,0,2
3430,5064,0,2
3433,5064,0,2
3436,5064,0,2
3905,5064,0,2
3438,5065,0,2
3441,5065,0,2
3444,5065,0,2
3447,5065,0,2
3450,5065,0,2
3453,5065,0,2
3456,5065,0,2
3459,5065,0,2
3462,5065,0,2
3465,5065,0,2
3468,5066,0,2
3471,5066,0,2
3474,5066,0,2
3476,5066,0,2
3479,5066,0,2
3482,5066,0,2
3485,5066,0,2
3488,5066,0,2
3493,5066,0,2
3902,5066,0,2
3496,5067,0,2
3499,5067,0,2
3502,5067,0,2
3505,5067,0,2
3507,5067,0,2
3510,5067,0,2
3513,5067,0,2
3515,5067,0,2
3518,5067,0,2
3521,5067,0,2
3900,5067,0,2
3524,5068,0,2
3526,5068,0,2
3529,5068,0,2
3532,5068,0,2
3535,5068,0,2
3537,5068,0,2
3540,5068,0,2
3543,5068,0,2
3545,5068,0,2
3548,5068,0,2
3897,5068,0,2
3551,5069,0,2
3553,5069,0,2
3559,5069,0,2
3561,5069,0,2
3564,5069,0,2
3567,5069,0,2
3570,5069,0,2
3572,5069,0,2
3894,5069,0,2
3575,5070,0,2
3578,5070,0,2
3581,5070,0,2
3585,5070,0,2
3588,5070,0,2
3591,5070,0,2
3594,5070,0,2
3597,5070,0,2
3600,5070,0,2
3891,5070,0,2
4565,5070,1,0
3603,5071,0,2
3607,5071,0,2
3610,5071,0,2
3613,5071,0,2
3616,5071,0,2
3619,5071,0,2
3622,5071,0,2
3625,5071,0,2
3888,5071,0,2
3629,5072,0,2
3635,5072,0,2
3638,5072,0,2
3641,5072,0,2
3644,5072,0,2
3648,5072,0,2
3651,5072,0,2
3886,5072,0,2
3654,5073,0,2
3657,5073,0,2
3660,5073,0,2
3663,5073,0,2
3666,5073,0,2
3669,5073,0,2
3672,5073,0,2
3675,5073,0,2
3678,5073,0,2
3880,5073,0,2
3883,5073,0,2
3681,5074,0,2
3684,5074,0,2
3687,5074,0,2
3690,5074,0,2
3693,5074,0,2
3696,5074,0,2
3699,5074,0,2
3705,5074,0,2
3878,5074,0,2
3708,5075,0,2
3711,5075,0,2
3714,5075,0,2
3717,5075,0,2
3720,5075,0,2
3723,5075,0,2
3726,5075,0,2
3729,5075,0,2
3732,5075,0,2
3872,5075,0,2
3875,5075,0,2
3734,5076,0,2
3737,5076,0,2
3740,5076,0,2
3743,5076,0,2
3746,5076,0,2
3749,5076,0,2
3752,5076,0,2
3755,5076,0,2
3867,5076,0,2
3870,5076,0,2
5638,5076,1,0
3758,5077,0,2
3761,5077,0,2
3765,5077,0,2
3768,5077,0,2
3771,5077,0,2
3774,5077,0,2
3780,5077,0,2
3783,5077,0,2
3861,5077,0,2
3864,5077,0,2
3786,5078,0,2
3789,5078,0,2
3792,5078,0,2
3795,5078,0,2
3798,5078,0,2
3801,5078,0,2
3804,5078,0,2
3807,5078,0,2
3810,5078,0,2
3853,5078,0,2
3856,5078,0,2
3858,5078,0,2
3813,5079,0,2
3816,5079,0,2
3819,5079,0,2
3822,5079,0,2
3825,5079,0,2
3829,5079,0,2
3832,5079,0,2
3835,5079,0,2
3838,5079,0,2
3841,5079,0,2
3844,5079,0,2
3850,5079,0,2
520,5080,1,0
529,5082,1,0
4541,5091,1,0
5621,5104,1,0
4501,5125,1,0
534,5129,1,0
527,5134,1,0
4358,5161,1,0
5434,5163,1,0
2047,5171,1,0
2124,5171,1,0
2135,5171,1,0
2065,5172,1,0
2160,5172,1,0
2204,5172,1,0
2080,5173,1,0
2232,5173,1,0
2255,5174,1,0
2296,5175,1,0
539,5176,1,0
2097,5176,1,0
4441,5177,1,0
2132,5178,1,0
2151,5178,1,0
5576,5178,1,0
2177,5179,1,0
2183,5179,1,0
5425,5179,1,0
2186,5180,1,0
531,5181,1,0
2255,5181,1,0
2260,5182,1,0
2307,5183,1,0
2324,5184,1,0
2400,5187,1,0
2419,5188,1,0
2462,5191,1,0
4298,5197,1,0
2467,5204,1,0
2525,5207,1,0
539,5208,1,0
5558,5208,1,0
2606,5211,1,0
4586,5214,1,0
2704,5217,1,0
2768,5221,1,0
2793,5222,1,0
2755,5227,1,0
2870,5227,1,0
2799,5230,1,0
2841,5233,1,0
2877,5235,1,0
4554,5242,1,0
5384,5243,1,0
544,5244,1,0
3069,5247,1,0
2983,5249,1,0
3128,5250,1,0
5532,5251,1,0
3073,5254,1,0
3098,5255,1,0
537,5259,1,0
5374,5259,1,0
3197,5261,1,0
539,5263,1,0
3235,5263,1,0
3270,5265,1,0
3298,5268,1,0
3424,5271,1,0
4156,5271,1,0
3293,5272,1,0
3383,5273,1,0
3332,5274,1,0
3398,5276,1,0
5516,5276,1,0
3423,5277,1,0
3528,5282,1,0
3572,5283,1,0
546,5284,1,0
540,5285,1,0
3637,5285,1,0
4303,5288,1,0
5352,5295,1,0
3998,5296,1,0
4263,5300,1,0
3854,5301,1,0
3897,5302,1,0
3963,5303,1,0
4008,5303,1,0
4046,5304,1,0
4119,5305,1,0
4480,5305,1,0
4158,5306,1,0
5498,5306,1,0
547,5329,1,0
544,5330,1,0
5320,5346,1,0
547,5349,1,0
4427,5350,1,0
5467,5356,1,0
553,5377,1,0
4394,5379,1,0
568,5421,1,0
581,5430,1,0
5260,5433,1,0
588,5457,1,0
409,5458,1,0
5412,5483,1,0
443,5499,1,0
5401,5499,1,0
449,5513,1,0
880,5516,1,0
468,5520,1,0
879,5523,1,0
5378,5529,1,0
5188,5535,1,0
927,5537,1,0
502,5543,1,0
491,5544,1,0
943,5551,1,0
995,5556,1,0
548,5563,1,0
992,5563,1,0
536,5566,1,0
1109,5567,1,0
5348,5569,1,0
1004,5570,1,0
1035,5570,1,0
1149,5570,1,0
1069,5574,1,0
1103,5575,1,0
1121,5577,1,0
1007,5578,1,0
1148,5578,1,0
578,5581,1,0
1165,5581,1,0
618,5585,1,0
1129,5586,1,0
5149,5587,1,0
1213,5588,1,0
1176,5590,1,0
5332,5590,1,0
661,5596,1,0
1217,5598,1,0
5141,5598,1,0
648,5600,1,0
711,5608,1,0
1276,5612,1,0
700,5613,1,0
5310,5616,1,0
5124,5620,1,0
1278,5621,1,0
746,5625,1,0
5301,5625,1,0
784,5626,1,0
5298,5628,2,0
5299,5628,20,0
5300,5628,8,0
805,5632,1,0
1311,5633,1,0
820,5645,1,0
688,5654,1,0
1326,5656,1,0
5084,5672,1,0
1353,5673,1,0
755,5689,1,0
5071,5690,1,0
751,5696,1,0
779,5704,1,0
1374,5704,1,0
792,5720,1,0
1374,5720,1,0
5039,5731,1,0
1392,5739,1,0
841,5741,1,0
5030,5743,1,0
832,5744,1,0
1390,5755,1,0
5205,5760,1,0
1406,5773,1,0
4999,5784,1,0
1407,5795,1,0
1422,5808,1,0
4975,5815,1,0
1431,5822,1,0
1435,5844,1,0
3358,5849,1,0
3355,5854,1,0
1267,5869,1,0
3357,5869,1,0
1282,5873,1,0
3354,5876,1,0
2091,5877,1,0
2076,5882,1,0
4377,5883,1,0
2121,5890,1,0
1296,5892,1,0
2193,5894,1,0
4336,5899,1,0
1331,5902,1,0
2229,5902,1,0
2195,5904,1,0
3178,5904,1,0
3354,5904,1,0
3351,5906,1,0
1346,5908,1,0
2266,5911,1,0
3186,5914,1,0
4297,5914,1,0
5080,5916,1,0
1346,5917,1,0
2248,5918,1,0
1402,5922,1,0
2118,5924,1,0
1382,5926,1,0
3190,5928,1,0
4262,5929,1,0
1462,5931,1,0
1415,5932,1,0
5059,5934,1,0
1509,5937,1,0
1472,5940,1,0
1552,5943,1,0
2189,5946,1,0
1515,5947,1,0
1601,5950,1,0
3204,5951,1,0
3329,5952,1,0
3331,5953,1,0
2153,5954,1,0
2211,5954,1,0
3222,5958,1,0
5025,5958,1,0
1671,5959,1,0
3215,5961,1,0
3218,5962,2,0
2174,5963,1,0
3212,5963,1,0
3218,5963,3,0
3216,5964,1,0
3218,5964,16,0
3219,5964,15,0
3216,5965,1,0
3218,5965,4,0
3219,5965,33,0
3220,5965,4,0
1718,5966,1,0
3218,5966,4,0
4156,5972,1,0
3255,5973,1,0
3302,5976,1,0
4990,5976,1,0
1596,5978,1,0
3282,5980,1,0
1637,5984,1,0
2291,5985,1,0
1682,5989,1,0
4293,5989,1,0
3267,5990,1,0
2206,5992,1,0
3269,5992,1,0
4950,5992,1,0
1722,5994,1,0
3326,5994,1,0
4261,5999,1,0
1778,6001,1,0
2328,6001,1,0
1711,6002,1,0
4917,6002,1,0
3339,6004,1,0
1733,6005,1,0
4227,6008,1,0
1822,6009,1,0
3232,6009,1,0
4563,6010,1,0
4577,6011,1,0
4585,6011,1,0
4599,6011,1,0
4607,6011,1,0
4617,6011,1,0
4649,6011,1,0
4865,6011,1,0
4684,6012,1,0
4722,6012,1,0
4731,6012,1,0
4735,6012,1,0
4790,6013,1,0
4829,6013,1,0
3220,6015,1,0
1809,6016,1,0
4180,6017,1,0
1863,6020,1,0
4143,6021,1,0
4108,6023,1,0
4055,6025,1,0
4019,6026,1,0
3357,6027,1,0
2392,6028,1,0
3979,6028,1,0
1865,6029,1,0
3940,6030,1,0
2197,6031,1,0
3993,6031,1,0
3970,6032,1,0
3840,6034,1,0
3907,6035,1,0
3821,6038,1,0
3799,6039,1,0
3750,6041,1,0
3711,6042,1,0
2432,6043,1,0
3190,6046,1,0
3191,6048,1,0
2448,6049,1,0
1963,6052,1,0
3290,6055,1,0
3357,6055,1,0
2972,6057,1,0
2992,6057,1,0
3183,6057,1,0
3296,6057,1,0
3334,6057,1,0
3382,6057,1,0
3082,6058,1,0
3126,6058,1,0
3248,6058,1,0
2846,6059,1,0
2909,6060,1,0
2956,6060,1,0
3006,6060,1,0
2603,6061,1,0
2643,6061,1,0
2700,6061,1,0
2740,6061,1,0
3076,6061,1,0
3118,6061,1,0
2453,6062,1,0
2518,6062,1,0
1998,6063,1,0
2409,6063,1,0
3051,6065,1,0
3100,6065,1,0
1983,6066,1,0
2765,6066,1,0
2808,6066,1,0
2858,6066,1,0
3143,6066,1,0
2733,6067,1,0
2931,6067,1,0
2974,6067,1,0
3177,6067,1,0
3021,6068,1,0
3088,6068,1,0
3155,6068,1,0
3226,6069,1,0
2169,6077,1,0
4508,6078,1,0
3253,6081,1,0
2690,6083,1,0
3174,6083,1,0
1868,6085,1,0
1847,6087,1,0
4475,6092,1,0
1912,6094,1,0
3359,6094,1,0
1897,6099,1,0
2161,6101,1,0
1957,6102,1,0
2850,6104,1,0
3273,6106,1,0
2018,6111,1,0
1973,6112,1,0
4423,6112,1,0
2970,6116,1,0
2052,6117,1,0
3340,6118,1,0
4405,6119,1,0
2023,6120,1,0
3172,6123,1,0
2154,6127,1,0
2807,6130,1,0
3310,6131,1,0
2795,6136,1,0
2785,6141,1,0
2146,6154,1,0
2753,6163,1,0
2140,6169,1,0
2136,6181,1,0
2736,6188,1,0
2132,6194,1,0
2129,6203,1,0
2719,6216,1,0
2700,6247,1,0
2558,6248,1,0
2523,6260,1,0
2544,6265,1,0
2299,6272,1,0
2530,6286,1,0
2511,6288,1,0
2293,6305,1,0
2517,6307,1,0
2499,6311,1,0
2130,6323,1,0
2488,6325,2,0
2489,6325,3,0
2507,6325,1,0
2488,6326,15,0
2487,6329,1,0
2159,6333,1,0
2480,6342,1,0
2499,6343,1,0
2512,6343,1,0
2526,6343,1,0
2437,6345,1,0
2489,6345,1,0
2556,6346,1,0
2422,6347,1,0
2410,6348,1,0
2532,6350,1,0
2542,6350,1,0
2570,6350,1,0
2574,6350,1,0
2581,6350,1,0
2582,6350,1,0
2590,6350,1,0
2522,6351,1,0
2542,6351,2,0
2543,6351,1,0
2544,6351,1,0
2547,6351,1,0
2581,6353,1,0
2412,6354,1,0
2479,6354,1,0
2168,6355,1,0
2587,6355,1,0
2311,6356,1,0
2340,6356,1,0
2268,6358,1,0
2486,6359,1,0
2174,6360,1,0
2176,6360,2,0
2178,6360,1,0
2179,6360,3,0
2180,6360,1,0
2242,6360,1,0
2192,6361,1,0
2219,6361,1,0
2611,6363,1,0
2629,6369,1,0
2480,6370,1,0
2613,6370,1,0
2606,6381,1,0
2594,6400,1,0
2608,6402,1,0
2577,6428,1,0
2541,6471,1,0
2566,6479,1,0
2467,6735,1,0
