116.49,39.9013,1.54,4.05
116.49,39.9013,1.37,4.05
116.49,39.9013,1.51,4.05
116.49,39.9013,1.45,3.93
116.49,39.9013,1.44,3.93
116.49,39.9013,1.56,3.93
116.49,39.9013,1.45,3.84
116.49,39.9013,1.36,3.84
116.49,39.9012,1.64,3.84
116.49,39.9012,1.5,3.79
116.49,39.9012,1.56,3.79
116.49,39.9012,1.59,3.79
116.49,39.9012,1.62,3.66
116.49,39.9012,1.55,3.66
116.49,39.9012,1.42,3.66
116.49,39.9012,1.5,3.58
116.49,39.9012,1.45,3.58
116.49,39.9012,1.47,3.58
116.49,39.9012,1.36,3.5
116.49,39.9012,1.61,3.5
116.49,39.9012,1.48,3.5
116.49,39.9012,1.32,3.53
116.49,39.9012,1.5,3.53
116.49,39.9013,1.6,3.53
116.49,39.9013,1.72,3.53
116.49,39.9013,1.28,3.53
116.49,39.9013,1.59,3.53
116.49,39.9012,1.39,3.53
116.49,39.9012,1.4,3.59
116.49,39.9012,1.34,3.59
116.49,39.9012,1.38,3.59
116.49,39.9012,1.39,3.52
116.49,39.9012,1.61,3.52
116.49,39.9011,1.47,3.52
116.49,39.9011,1.45,3.54
116.49,39.9011,1.48,3.54
116.49,39.9011,1.4,3.54
116.49,39.9011,1.53,3.53
116.49,39.9011,1.43,3.53
116.49,39.9011,1.41,3.53
116.49,39.9011,1.41,3.54
116.479,39.901,1.45,3.74
116.479,39.901,1.46,3.74
116.49,39.9011,1.44,3.73
116.49,39.9011,1.58,3.73
116.49,39.9011,1.59,3.78
116.49,39.9011,1.87,3.78
116.479,39.901,1.56,3.76
116.479,39.901,1.55,3.76
116.479,39.901,1.6,3.76
116.479,39.901,1.54,3.76
116.479,39.901,1.45,3.77
116.479,39.901,1.48,3.77
116.479,39.901,1.54,3.77
116.479,39.901,1.64,3.77
116.479,39.901,1.59,3.77
116.479,39.901,1.53,3.77
116.49,39.8974,1.41,3.78
116.49,39.8974,1.42,3.74
116.49,39.8978,1.26,3.74
116.49,39.8984,1.44,3.74
116.49,39.899,1.21,3.63
116.49,39.8997,0.99,3.63
116.49,39.901,1.22,3.63
116.49,39.9023,2.3,3.63
116.49,39.9032,2.8,3.63
116.49,39.9041,1.97,3.63
116.49,39.9047,2.13,3.68
116.481,39.9046,1.77,3.68
116.484,39.9046,4.96,3.7
116.484,39.9046,1.55,3.7
116.488,39.9046,1.53,3.7
116.49,39.9047,1.73,3.66
116.491,39.9047,2.43,3.66
116.493,39.9047,1.33,3.66
116.494,39.9047,1.45,3.61
116.497,39.9048,3.15,3.61
116.499,39.9048,1.96,3.61
116.502,39.9048,2.01,3.62
116.503,39.9049,1.68,3.62
116.507,39.9049,1.65,3.6
116.497,39.9048,1.68,3.6
116.498,39.9048,2.37,3.6
116.5,39.9048,1.76,3.59
116.501,39.9048,2.34,3.59
116.501,39.9048,2.02,3.59
116.501,39.9048,2.36,3.59
116.502,39.9048,2,3.57
116.503,39.9048,2.45,3.57
116.504,39.9049,1.66,3.57
116.506,39.9049,1.44,3.53
116.508,39.905,1.25,3.53
116.51,39.905,1.16,3.53
116.513,39.905,1.43,3.5
116.516,39.905,2.36,3.5
116.518,39.9051,1.53,3.5
116.52,39.9051,2.32,3.42
116.522,39.9051,2.67,3.42
116.52,39.905,2.46,3.45
116.522,39.905,2.82,3.45
116.525,39.905,3.3,3.45
116.526,39.905,1.54,3.46
116.528,39.9049,1.43,3.46
116.532,39.9049,1.52,3.46
116.534,39.9049,1.75,3.39
116.529,39.9049,1.68,3.44
116.532,39.9049,6.03,3.44
116.534,39.9049,2.39,3.44
116.547,39.9047,1.62,3.45
116.55,39.9046,1.55,3.45
116.546,39.9046,1.64,3.45
116.548,39.9046,1.84,3.45
116.551,39.9045,1.53,3.45
116.553,39.9044,3.78,3.45
116.555,39.9039,3.5,3.45
116.559,39.9006,2.77,3.4
116.56,39.8992,2.32,3.44
116.56,39.8968,2.89,3.44
116.56,39.8937,4.36,3.36
116.561,39.892,2.63,3.45
116.561,39.8897,2.05,3.45
116.562,39.8882,2.71,3.45
116.562,39.886,2.54,3.41
116.562,39.8853,2.83,3.41
116.561,39.8771,2.81,3.42
116.561,39.8755,2.67,3.42
116.561,39.8848,2.52,3.42
116.56,39.8831,2.59,3.42
116.56,39.8815,2.82,3.42
116.56,39.8791,2.61,3.37
116.56,39.8766,2.07,3.37
116.561,39.8748,2.02,3.37
116.561,39.8734,2.09,3.38
116.561,39.8712,1.88,3.38
116.562,39.868,1.87,3.4
116.562,39.8659,1.48,3.4
116.563,39.8645,1.53,3.4
116.563,39.8635,1.48,3.3
116.563,39.862,1.35,3.3
116.562,39.8585,1.41,3.3
116.562,39.8679,2.21,3.37
116.56,39.8657,2.44,3.37
116.559,39.8641,1.5,3.37
116.558,39.8628,3.02,3.37
116.556,39.8615,1.75,3.4
116.554,39.8597,2.07,3.4
116.552,39.8585,1.52,3.4
116.549,39.8567,1.58,3.39
116.549,39.8562,1.46,3.39
116.546,39.8545,1.51,3.39
116.556,39.8533,1.48,3.35
116.554,39.8519,1.68,3.35
116.553,39.851,3.03,3.35
116.552,39.8505,2.06,3.35
116.552,39.85,1.92,3.29
116.549,39.8483,1.67,3.29
116.535,39.849,1.4,3.47
116.533,39.8479,1.37,3.55
116.539,39.8436,1.27,3.52
116.536,39.8417,1.23,3.52
116.513,39.8284,1.55,3.64
116.484,39.8143,1.9,3.54
116.483,39.8129,1.99,3.54
116.481,39.8107,1.5,3.54
116.479,39.8092,1.22,3.54
116.476,39.8062,1.11,3.54
116.473,39.8037,1.25,3.52
116.471,39.8026,1.68,3.52
116.463,39.8008,1.24,3.5
116.471,39.8007,2.26,3.55
116.468,39.8007,1.57,3.55
116.465,39.8008,1.47,3.55
116.462,39.801,1.4,3.55
116.457,39.8011,1.19,3.54
116.454,39.801,1.5,3.54
116.453,39.801,1.87,3.59
116.45,39.8007,1.97,3.59
116.446,39.8002,2.06,3.59
116.455,39.7996,1.48,3.56
116.453,39.7989,1.33,3.56
116.45,39.7977,1.64,3.56
116.449,39.7972,2.1,3.51
116.447,39.7962,1.35,3.51
116.446,39.7957,1.45,3.51
116.444,39.7945,1.95,3.51
116.437,39.7978,1.91,3.6
116.436,39.7963,1.48,3.6
116.435,39.7946,1.68,3.6
116.434,39.7928,1.27,3.6
116.43,39.784,1.5,3.51
116.43,39.7822,1.17,3.51
116.436,39.7757,1.63,3.52
116.435,39.7744,1.43,3.52
116.433,39.7843,1.63,3.54
116.429,39.7823,1.74,3.54
116.426,39.7812,1.36,3.54
116.421,39.7795,1.24,3.55
116.418,39.779,1.29,3.55
116.42,39.7768,1.5,3.79
116.402,39.7726,1.46,3.94
116.4,39.7721,2.03,3.94
116.397,39.7713,1.72,3.94
116.406,39.7709,1.62,3.94
116.404,39.7705,1.13,3.94
116.402,39.7699,1.45,3.94
116.4,39.7695,1.21,3.94
116.393,39.7692,1.62,3.88
116.388,39.7711,1.41,3.92
116.383,39.7824,1.95,4.08
116.382,39.7851,1.52,4.08
116.382,39.7766,1.71,4.08
116.381,39.779,1.56,4.1
116.381,39.7797,1.49,4.1
116.381,39.7812,1.38,4.1
116.389,39.7863,1.53,4.11
116.387,39.7874,2.3,4.11
116.377,39.79,1.49,4.1
116.374,39.7902,1.26,4.1
116.372,39.7902,1.82,4.1
116.368,39.7904,1.92,4.11
116.366,39.7905,1.26,4.11
116.373,39.7908,1.25,4.11
116.371,39.7909,1.21,4.11
116.369,39.791,1.13,4
116.363,39.7912,1.05,4
116.36,39.7913,1.29,4.05
116.357,39.7914,1.52,4.05
116.351,39.7917,1.87,4.02
116.353,39.7923,1.49,4.04
116.35,39.7924,1.29,4.04
116.346,39.7926,1.5,4.03
116.345,39.7927,1.5,4.03
116.341,39.7929,1.75,4.03
116.338,39.7933,1.95,4.03
116.336,39.7936,1.84,4.01
116.334,39.7939,1.83,4.01
116.33,39.7944,1.65,4.01
116.339,39.7946,1.45,4.03
116.336,39.7949,1.43,4.03
116.334,39.7951,1.39,4.03
116.331,39.7956,1.43,4.01
116.329,39.7959,1.16,4.01
116.326,39.7963,1.17,4.01
116.323,39.7966,1.26,4.01
116.321,39.7969,1.58,4.01
116.319,39.7971,0.5,4.01
116.316,39.7974,1.34,4
116.314,39.7974,1.32,4
116.324,39.797,1.36,4
116.319,39.7962,1.36,4
116.317,39.7956,1.43,4.01
116.314,39.7943,1.34,4.01
116.312,39.7932,1.33,3.98
116.31,39.7921,1.44,3.98
116.308,39.7906,2.07,3.98
116.306,39.7897,1.48,3.98
116.304,39.7886,1.41,4.02
116.301,39.787,1.33,4.02
116.3,39.7866,1.54,4.02
116.304,39.7844,1.39,3.97
116.303,39.7842,1.43,3.97
116.288,39.7862,1.41,4.1
116.286,39.7872,1.58,4.1
116.284,39.7885,1.47,4.03
116.281,39.7925,1.41,4.03
116.28,39.7941,1.32,4.05
116.289,39.7965,1.32,4.05
116.289,39.7982,1.33,4.05
116.288,39.8009,1.57,4.08
116.287,39.7913,1.33,4.08
116.286,39.7929,1.63,4.08
116.286,39.7939,1.56,4.08
116.285,39.7971,0.74,4.06
116.285,39.7978,0.68,4.06
116.285,39.7981,0.64,4.03
116.285,39.7981,0.53,4.03
116.285,39.7981,0.71,4.03
116.285,39.7981,0.35,4.07
116.285,39.7981,0.66,4.07
116.285,39.7981,0.66,4.07
116.285,39.7981,0.67,4.04
116.285,39.7981,0.62,4.04
116.285,39.7981,0.6,4.04
116.285,39.7981,0.54,4.03
116.285,39.798,0.57,4.03
116.285,39.798,0.57,4.03
116.285,39.7981,0.75,4.02
116.284,39.7989,1.31,4.02
116.284,39.7998,1.35,4.02
116.284,39.8009,1.49,4.05
116.283,39.8027,1.96,4.05
116.282,39.804,1.53,4.05
116.282,39.8047,1.73,4.05
116.282,39.8062,2.07,4.05
116.281,39.8086,1.53,4.05
116.28,39.8107,1.55,4.05
116.28,39.8122,1.94,4.02
116.279,39.8137,2.18,4.02
116.279,39.8172,1.26,4.01
116.279,39.8088,1.24,4.01
116.279,39.8106,1.21,4.01
116.278,39.8122,1.42,4.01
116.278,39.8133,1.72,4
116.278,39.8133,1.72,4
116.278,39.8133,1.7,4
116.278,39.8133,2.09,4.07
116.278,39.8133,1.73,4.07
116.278,39.8133,1.86,4.06
116.278,39.8133,1.89,4.06
116.278,39.8133,1.72,4.06
116.278,39.8133,1.65,4.06
116.278,39.8134,1.55,4.05
116.278,39.8138,1.68,4.05
116.278,39.8147,1.61,4.05
116.278,39.8161,1.59,4.01
116.277,39.8183,1.46,4.01
116.277,39.8197,1.39,4.01
116.273,39.8269,1.21,3.95
116.272,39.8282,1.44,4.09
116.27,39.8301,1.93,4.09
116.269,39.8314,1.7,4.07
116.267,39.8334,1.5,4.07
116.266,39.835,1.45,4.07
116.264,39.8259,1.39,4.07
116.263,39.8272,1.44,4.07
116.273,39.8286,1.5,4.07
116.27,39.8321,1.2,4.06
116.269,39.8335,1.38,4.06
116.267,39.8356,1.44,4.06
116.266,39.8368,1.47,4.03
116.265,39.8382,1.55,4.03
116.263,39.8398,1.49,4.03
116.262,39.8419,1.55,4.03
116.26,39.8431,1.39,4.01
116.258,39.8448,1.94,4.01
116.256,39.8457,2.06,4.01
116.253,39.8464,1.76,3.99
116.25,39.8473,2.03,3.99
116.249,39.8475,1.62,3.99
116.254,39.8494,1.38,3.98
116.252,39.8507,1.45,3.98
116.251,39.8512,1.68,4.08
116.249,39.8424,0.7,4.08
116.248,39.8438,1.46,4.08
116.239,39.8645,1.3,4.11
116.239,39.8654,1.11,4.11
116.238,39.8597,1.21,4.09
116.237,39.8617,1.23,4.09
116.237,39.8648,1.53,4.07
116.236,39.8664,1.59,4.07
116.236,39.8682,1.58,4.07
116.235,39.8698,1.39,4.05
116.233,39.8719,1.76,4.05
116.232,39.8734,1.8,4.05
116.231,39.875,2.41,4.05
116.23,39.8766,1.9,4.05
116.228,39.8788,1.24,4.05
116.227,39.8795,1.27,4.05
116.226,39.881,1.42,4.05
116.225,39.8824,1.27,4.06
116.219,39.8798,1.48,4.1
116.217,39.8853,1.53,4.1
116.216,39.887,1.42,4.1
116.216,39.8884,1.73,4.1
116.218,39.8997,1.23,4.12
116.219,39.8925,1.33,4.13
116.22,39.8941,1.26,4.13
116.221,39.8959,1.13,4.05
116.221,39.9078,1.61,4.09
116.221,39.9093,1.62,4.07
116.221,39.9114,3.18,4.07
116.221,39.9128,1.58,4.07
116.221,39.9143,1.63,4.07
116.221,39.9151,1.43,4.01
116.221,39.9145,1.51,4.07
116.221,39.9159,1.69,4.1
116.221,39.9183,1.77,4.1
116.221,39.921,1.56,4.1
116.221,39.9235,1.33,4.04
116.221,39.9261,1.36,4.04
116.221,39.927,1.55,4.04
116.222,39.931,1.39,3.99
116.222,39.9336,1.96,3.99
116.222,39.9241,1.53,4.07
116.222,39.9264,1.62,4.07
116.223,39.9277,1.48,4.07
116.224,39.9314,1.3,4.02
116.224,39.9324,1.56,4.02
116.229,39.9345,2.11,3.99
116.231,39.9346,1.36,3.99
116.234,39.9346,1.25,4.04
116.236,39.9347,1.7,4.04
116.238,39.9347,1.35,3.96
116.24,39.9347,1.3,3.96
116.231,39.9347,1.55,3.96
116.236,39.9347,2,4.04
116.237,39.9346,1.51,3.99
116.237,39.9346,1.53,3.99
116.237,39.9345,1.46,3.88
116.237,39.9345,1.73,3.88
116.237,39.9346,1.45,3.88
116.238,39.9347,1.44,3.89
116.238,39.9354,1.91,3.89
116.238,39.9367,1.68,3.89
116.238,39.937,1.85,3.89
116.238,39.937,2.04,3.95
116.239,39.937,2.39,3.95
116.239,39.9367,1.83,3.95
116.239,39.9364,2.37,3.89
116.239,39.9363,2.1,3.89
116.24,39.9364,1.8,3.89
116.24,39.9364,2.81,3.9
116.24,39.9365,2.28,3.9
116.241,39.9365,2.66,3.9
116.241,39.9365,3.74,3.88
116.241,39.9365,2.5,3.88
116.241,39.9364,2.56,3.88
116.241,39.9364,3.14,3.88
116.241,39.9364,2.43,3.83
116.241,39.9363,2.64,3.83
116.241,39.9363,2.92,3.83
116.241,39.9363,2.71,3.84
116.241,39.9363,2.44,3.84
116.241,39.9362,3.42,3.84
116.393,40.0277,1.04,4.02
116.394,40.0278,0.97,4.05
116.394,40.0278,0.93,4.03
116.394,40.0278,0.93,4.04
116.394,40.0277,0.92,4.04
116.394,40.0277,0.93,4.04
116.394,40.0277,1,4.04
116.394,40.0277,0.96,4.04
116.394,40.0277,0.95,4.04
116.394,40.0277,0.99,4.08
116.394,40.0277,0.92,4.08
116.394,40.0278,0.94,4.08
116.394,40.0278,0.93,4.08
116.394,40.0278,0,4.07
116.394,40.0278,0.99,4.07
116.394,40.0278,1.03,4.07
116.394,40.0278,0.69,4.08
116.394,40.0278,0.96,4.08
116.394,40.0278,1.42,4.08
116.394,40.0278,1.29,4.05
116.394,40.0278,1.32,4.05
116.394,40.0278,1.45,4.05
116.394,40.0278,1.38,4.06
116.394,40.0278,1.39,4.06
116.394,40.0278,1.27,4.06
116.394,40.0278,1.38,4.07
116.394,40.0278,1.35,4.07
116.394,40.0278,1.36,4.07
116.394,40.0278,1.36,4.07
116.394,40.0278,1.35,4.08
116.394,40.0278,1.37,4.08
116.394,40.0278,1.37,4.08
116.394,40.0278,1.33,3.99
116.394,40.0278,1.19,3.99
116.394,40.0278,1.32,3.99
116.394,40.0278,1.32,3.94
116.394,40.0278,1.33,3.94
116.394,40.0278,1.3,3.94
116.394,40.0278,1.3,3.94
116.394,40.0278,1.21,3.94
116.394,40.0278,1.38,3.94
116.394,40.0278,1.26,3.94
116.394,40.0278,1.31,3.92
116.394,40.0278,1.34,3.92
116.394,40.0278,1.39,3.92
116.394,40.0278,1.42,3.92
116.394,40.0278,1.41,3.92
116.394,40.0278,1.38,3.92
116.394,40.0278,1.41,3.91
116.394,40.0278,1.41,3.91
116.394,40.0278,1.39,3.91
116.394,40.0278,1.38,3.9
116.394,40.0277,1.39,3.9
116.394,40.0277,1.38,3.9
116.394,40.0277,1.37,3.9
116.394,40.0277,1.36,3.9
116.394,40.0277,1.4,3.9
116.394,40.0278,1.37,3.9
116.394,40.0278,1.38,3.88
116.394,40.0278,1.4,3.88
116.394,40.0278,1.38,3.88
116.394,40.0278,1.35,3.97
116.394,40.0278,1.38,3.97
116.394,40.0278,1.39,3.97
116.394,40.0277,1.36,4.06
116.394,40.0277,1.38,4.06
116.394,40.0277,1.37,4.06
116.394,40.0277,1.39,4.06
116.394,40.0277,1.41,4.06
116.394,40.0277,1.38,4.06
116.394,40.0277,1.38,4.06
116.394,40.0278,1.39,4.06
116.394,40.0278,1.39,4.06
116.394,40.0278,1.38,4.06
116.394,40.0278,1.39,4.06
116.394,40.0278,1.37,4.06
116.394,40.0278,1.41,4.06
116.394,40.0278,1.39,4.08
116.394,40.0278,1.37,4.08
116.394,40.0278,1.38,4.08
116.394,40.0278,1.36,4.08
116.394,40.0278,1.36,4.08
116.394,40.0278,1.38,4.08
116.394,40.0278,1.37,4.08
116.394,40.0276,1.12,4.08
116.393,40.0272,1.13,4.08
116.392,40.0261,1.31,4.08
116.392,40.025,1.44,4.08
116.391,40.0349,1.22,4.08
116.391,40.0331,1.2,4.08
116.392,40.032,1.6,4.02
116.392,40.0314,1.5,4.02
116.394,40.03,1.37,4.02
116.397,40.0289,1.19,4.02
116.4,40.0272,1.15,4.02
116.402,40.0252,1.1,3.98
116.402,40.0238,1.41,3.98
116.402,40.0228,1.37,3.98
116.402,40.0226,1.3,3.92
116.402,40.0235,1.68,3.92
116.402,40.0251,1.23,3.92
116.4,40.0273,1.66,3.97
116.399,40.0283,1.27,3.97
116.397,40.029,1.26,3.97
116.395,40.0298,1.53,3.97
116.392,40.0315,1.35,4.03
116.379,40.0346,1.76,4.03
116.392,40.0255,2.07,3.97
116.394,40.0275,1.53,3.97
116.396,40.0282,1.58,3.97
116.398,40.0285,1.46,3.89
116.4,40.0291,1.31,3.89
116.401,40.0296,1.65,3.89
116.402,40.0306,1.37,3.89
116.402,40.0336,1.39,3.9
116.401,40.0347,1.23,3.9
116.399,40.0353,1.2,3.9
116.397,40.0341,1.15,3.9
116.396,40.033,1.28,3.9
116.394,40.0325,1.35,3.95
116.391,40.0324,1.51,3.95
116.389,40.0323,1.44,3.95
116.387,40.0323,1.38,3.95
116.384,40.0323,3.23,3.95
116.39,40.0325,1.46,3.95
116.386,40.0324,2.52,3.99
116.382,40.0324,1.89,3.99
116.38,40.0324,1.58,3.99
116.377,40.0324,1.96,4.07
116.373,40.0323,1.69,4.07
116.37,40.0323,1.5,4.07
116.367,40.0323,2.11,3.79
116.366,40.0324,2.23,3.79
116.363,40.0331,1.46,3.79
116.372,40.0341,1.39,3.9
116.37,40.0352,1.93,3.9
116.369,40.0355,1.11,3.9
116.369,40.0357,1.42,4.11
116.367,40.0367,1.67,4.11
116.366,40.0378,1.86,4.11
116.365,40.0391,1.83,4.08
116.364,40.0405,1.56,4.08
116.359,40.046,1.5,4.08
116.358,40.0475,2.6,4.05
116.356,40.0509,1.48,4.12
116.355,40.0405,1.88,4.12
116.354,40.0413,2.38,4.12
116.354,40.0423,1.54,4.05
116.353,40.0432,2.72,4.05
116.352,40.044,1.39,4.05
116.351,40.0455,1.26,3.98
116.351,40.046,1.4,3.98
116.35,40.0624,1.4,3.91
116.351,40.0448,1.36,3.91
116.351,40.0442,1.5,3.91
116.351,40.0441,1.59,3.85
116.351,40.0441,1.64,3.85
116.351,40.0441,1.56,3.85
116.351,40.0441,1.49,3.84
116.351,40.0441,1.57,3.84
116.351,40.0441,1.54,3.84
116.351,40.044,1.52,3.84
116.351,40.044,1.38,3.85
116.351,40.044,1.58,3.85
116.351,40.044,1.71,3.85
116.351,40.044,1.55,3.84
116.351,40.044,1.62,3.84
116.351,40.044,1.56,3.84
116.351,40.044,1.54,3.84
116.351,40.044,1.46,3.84
116.351,40.044,1.56,3.84
116.351,40.044,1.5,3.87
116.351,40.044,1.5,3.87
116.351,40.044,1.48,3.87
116.351,40.044,1.51,3.85
116.352,40.0434,1.79,3.85
116.353,40.0423,2.18,3.85
116.353,40.0411,1.65,3.89
116.354,40.0506,2.03,3.89
116.356,40.0486,1.56,3.89
116.357,40.0474,2.03,3.89
116.358,40.0465,1.18,3.92
116.358,40.046,1.26,3.92
116.358,40.0457,1.23,3.92
116.357,40.0454,1.15,3.79
116.357,40.0453,1.11,3.79
116.356,40.0451,1.22,4.05
116.355,40.045,1.28,4.05
116.353,40.0448,1.11,4.05
116.353,40.0448,1.16,3.89
116.352,40.0448,1.18,3.89
116.351,40.0449,1.21,3.89
116.348,40.0449,1.25,3.92
116.347,40.045,4.28,3.92
116.347,40.045,1.19,3.92
116.357,40.0451,1.1,4.03
116.357,40.0451,1.09,4.03
116.357,40.0451,1.15,4.03
116.356,40.0451,1.26,3.95
116.355,40.0452,1.09,3.95
116.354,40.0452,1.24,3.95
116.354,40.0452,1.15,3.96
116.354,40.0452,1.21,3.96
116.354,40.0452,1.21,3.96
116.354,40.0451,1.12,3.95
116.354,40.0451,1.28,3.95
116.353,40.0452,1.36,3.95
116.351,40.0453,1.24,3.95
116.347,40.0453,1.24,4.03
116.343,40.0454,1.38,4.03
116.341,40.0454,2.07,4.05
116.338,40.0455,1.57,4.05
116.337,40.0456,1.61,4.05
116.336,40.0456,1.44,3.92
116.334,40.0456,1.6,3.92
116.333,40.0456,2.4,3.92
116.333,40.0456,2.7,3.94
116.333,40.0456,1.91,3.94
116.333,40.0456,2.5,3.94
116.333,40.0456,1.92,3.96
116.333,40.0456,1.55,3.96
116.333,40.0456,1.68,3.96
116.333,40.0456,1.81,3.98
116.333,40.0454,3.07,3.98
116.332,40.0443,1.75,3.98
116.33,40.0439,1.7,3.98
116.34,40.0431,1.3,3.88
116.34,40.0416,1.74,3.88
116.33,40.0385,1.38,3.86
116.33,40.0381,1.41,3.86
116.331,40.0375,1.45,3.86
116.331,40.037,1.41,3.94
116.331,40.0363,1.55,3.94
116.332,40.0351,1.67,3.94
116.332,40.0339,1.93,3.94
116.333,40.0328,2.73,3.86
116.334,40.0308,2.39,3.86
116.335,40.029,1.99,3.86
116.333,40.0277,2.5,3.99
116.332,40.0273,3.7,3.99
116.337,40.0257,2.17,3.99
116.334,40.025,2.23,4.06
116.33,40.0244,2.38,4.06
116.327,40.0241,1.34,4.06
116.324,40.0348,1.65,3.98
116.321,40.0344,1.69,3.98
116.317,40.0338,1.86,3.98
116.314,40.0333,1.43,3.86
116.322,40.0324,1.16,3.86
116.315,40.0307,1.39,4
116.312,40.0301,1.48,4
116.307,40.0296,1.61,4
116.306,40.0294,1.45,4
116.294,40.027,2.31,4.12
116.292,40.0267,2.17,4.12
116.289,40.0263,1.69,4.06
116.287,40.0261,1.52,4.06
116.285,40.0256,1.46,4.06
116.282,40.0245,1.53,3.94
116.28,40.0235,1.38,3.94
116.29,40.0224,1.58,3.94
116.288,40.0201,1.99,3.94
116.287,40.0183,1.55,4.01
116.286,40.0168,1.89,4.01
116.283,40.0139,1.42,3.92
116.281,40.0123,1.39,3.92
116.277,40.0113,1.3,3.92
116.275,40.0109,1.4,4.01
116.272,40.0107,1.18,4.01
116.265,40.0104,2.89,3.97
116.273,40.0104,1.63,3.97
116.27,40.0103,1.99,3.97
116.266,40.01,1.47,3.97
116.264,40.0097,1.83,3.94
116.261,40.0091,2.01,3.94
116.257,40.0079,1.57,3.94
116.255,40.0178,1.32,3.78
116.252,40.0168,1.4,3.78
116.25,40.0157,2.51,3.78
116.254,40.0134,1.22,3.78
116.25,40.0125,1.5,3.78
116.247,40.0119,1.48,4.05
116.244,40.0114,1.51,4.05
116.24,40.0105,2.99,4.05
116.237,40.0098,1.5,4.05
116.235,40.0088,2.02,4.05
116.232,40.0075,1.39,4.05
116.24,40.0049,1.43,3.99
116.239,40.0033,1.37,3.99
116.238,40.0013,1.58,3.99
116.238,39.9992,1.63,3.99
116.238,39.9972,1.27,3.92
116.238,39.9962,1.26,3.92
116.238,39.9937,1.34,3.92
116.237,39.996,1.24,4
116.237,39.9925,1.79,4
116.237,39.9904,1.41,4.05
116.236,39.988,1.59,4.05
116.236,39.9856,1.33,4.05
116.236,39.9837,1.48,4.01
116.235,39.9805,1.9,4.01
116.235,39.9782,2.06,4.01
116.234,39.9772,2.29,4.01
116.233,39.9818,1.32,3.99
116.233,39.9787,2.53,3.99
116.232,39.9765,1.31,4.07
116.232,39.974,1.7,4.07
116.232,39.9723,1.88,4.07
116.231,39.9706,1.8,4.04
116.231,39.968,2.65,4.04
116.23,39.9663,2.03,4.04
116.23,39.9635,1.63,3.99
116.23,39.9627,1.63,3.99
116.228,39.9662,1.6,4.01
116.227,39.9634,1.21,4.01
116.226,39.9617,1.21,4.03
116.225,39.9601,2.33,4.03
116.223,39.9576,2.62,4.03
116.223,39.9558,1.65,4.03
116.222,39.9541,3.16,3.86
116.222,39.9526,2.52,3.86
116.222,39.9481,1.84,3.87
116.222,39.946,1.53,3.87
116.222,39.9431,1.63,3.87
116.222,39.9414,1.34,4.05
116.222,39.9507,1.33,4.05
116.222,39.9479,2.68,4.05
116.222,39.9457,1.36,4.01
116.223,39.9438,1.35,4.01
116.223,39.9404,2.19,4.01
116.223,39.9385,1.52,4.01
116.223,39.9365,1.89,3.99
116.223,39.9344,1.56,3.99
116.222,39.9301,1.33,4
116.222,39.9285,1.42,4
116.222,39.9261,1.46,4
116.222,39.9245,1.32,3.93
116.221,39.9338,1.68,3.93
116.221,39.9308,1.66,3.93
116.221,39.9286,1.26,3.78
116.221,39.9277,1.68,3.78
116.221,39.9258,1.46,3.78
116.221,39.9234,1.48,3.79
116.221,39.9206,1.03,3.79
116.221,39.9203,1.11,3.79
116.221,39.9203,1.05,3.97
116.221,39.92,1.06,3.97
116.221,39.9194,1.13,3.98
116.221,39.9182,1.22,3.98
116.221,39.9177,1.7,3.98
116.221,39.9194,1.19,3.99
116.221,39.9217,1.31,3.99
116.221,39.9234,1.17,3.94
116.221,39.9255,1.22,3.94
116.221,39.9287,1.25,3.94
116.222,39.9311,1.38,3.92
116.222,39.9334,1.22,3.92
116.222,39.9344,1.4,3.92
116.222,39.9261,1.46,3.92
116.223,39.9286,1.56,3.83
116.223,39.935,1.65,3.92
116.223,39.9366,1.97,3.92
116.223,39.9393,1.7,3.92
116.223,39.9411,1.67,3.96
116.223,39.9431,1.53,3.96
116.223,39.9451,1.35,3.96
116.223,39.9463,1.79,3.96
116.223,39.9479,1.71,3.84
116.223,39.9511,1.22,3.84
116.223,39.9486,1.66,3.92
116.223,39.9511,1.6,4.04
116.223,39.9529,2.1,4.04
116.223,39.9545,1.8,4.04
116.223,39.9563,2.79,4.04
116.225,39.959,1.94,3.95
116.226,39.9608,1.57,3.95
116.227,39.9623,1.31,3.95
116.228,39.9652,1.52,3.82
116.229,39.959,1.47,3.82
116.23,39.9608,1.53,3.88
116.23,39.9629,2.17,3.88
116.231,39.9651,2.56,3.88
116.231,39.9681,2.33,4.01
116.231,39.9701,1.73,4.01
116.232,39.9713,1.49,4.01
116.232,39.9723,1.35,4.01
116.233,39.9776,1.65,4.01
116.233,39.9796,2.42,4.01
116.234,39.9817,1.56,4.01
116.234,39.9838,1.91,3.96
116.234,39.9737,1.75,3.96
116.235,39.9777,1.62,3.96
116.236,39.9832,1.52,4
116.236,39.9851,1.5,4
116.237,39.988,1.36,3.96
116.237,39.9901,1.19,3.96
116.238,39.9923,1.21,3.96
116.238,39.9953,1.18,3.97
116.238,39.9971,1.21,3.97
116.238,39.9992,1.24,3.97
116.238,40,1.22,3.97
116.24,40.0037,1.36,3.96
116.23,40.005,1.41,4.05
116.232,40.0068,1.37,4.05
116.233,40.0078,1.37,4.05
116.235,40.0088,1.5,3.94
116.238,40.0097,1.7,3.94
116.242,40.0107,1.45,3.94
116.245,40.0112,1.54,3.86
116.248,40.0117,1.62,3.86
116.252,40.0125,1.38,3.86
116.253,40.0128,1.17,3.86
116.246,40.0138,1.29,3.8
116.25,40.0154,1.44,3.8
116.252,40.016,1.56,3.8
116.255,40.0177,2.01,3.9
116.257,40.0076,1.97,3.9
116.26,40.0085,1.64,3.9
116.264,40.0094,2.44,3.83
116.271,40.0099,1.38,3.83
116.273,40.01,1.98,4.01
116.265,40.01,2.57,4.01
116.268,40.0102,3.8,4.01
116.271,40.0103,1.38,3.96
116.274,40.0105,1.24,3.96
116.277,40.0108,1.28,3.96
116.281,40.0119,1.68,3.96
116.283,40.0128,1.97,3.91
116.285,40.0146,1.41,3.91
116.286,40.016,1.45,3.91
116.287,40.0176,1.43,3.82
116.288,40.0192,1.39,3.82
116.289,40.0207,1.36,3.82
116.29,40.0214,1.34,3.82
116.281,40.0236,1.22,3.91
116.284,40.025,1.94,3.91
116.285,40.0252,1.97,3.91
116.288,40.0259,1.51,3.9
116.291,40.0263,2.11,3.9
116.294,40.0265,1.53,3.95
116.297,40.0268,1.26,3.95
116.299,40.0271,1.3,3.95
116.304,40.0275,1.04,3.95
116.306,40.0278,1.37,3.96
116.299,40.0284,1.12,3.96
116.302,40.0286,1.19,3.96
116.304,40.0289,1.54,3.96
116.307,40.0291,1.41,3.96
116.31,40.0294,1.28,3.96
116.312,40.0298,1.29,3.86
116.315,40.0303,1.31,3.86
116.321,40.0317,1.22,3.9
116.323,40.0322,1.1,3.9
116.315,40.0332,1.23,3.9
116.318,40.0336,1.36,3.97
116.32,40.0339,1.61,3.97
116.324,40.0344,1.01,3.97
116.326,40.0346,2.04,3.97
116.328,40.0238,1.6,3.9
116.334,40.0246,3.85,3.9
116.336,40.0249,2,3.93
116.338,40.0253,2.31,3.93
116.33,40.026,2.17,3.93
116.334,40.027,1.9,3.94
116.335,40.0273,1.68,3.94
116.34,40.0287,1.32,3.95
116.342,40.0294,1.12,3.95
116.346,40.0306,1.37,3.95
116.348,40.0313,1.44,3.9
116.349,40.0316,1.25,3.9
116.347,40.0322,1.77,3.96
116.349,40.0322,1.41,3.96
116.353,40.0322,1.75,3.96
116.358,40.0321,2.45,3.92
116.36,40.0321,2.49,3.92
116.364,40.0321,1.3,3.97
116.366,40.0321,1.41,3.97
116.372,40.032,2.23,4.03
116.376,40.0321,1.65,4.03
116.379,40.0321,2.29,4.03
116.381,40.0321,1.39,3.98
116.386,40.0321,1.98,3.98
116.388,40.0321,1.37,3.98
116.379,40.0319,2.02,3.9
116.381,40.0319,2.05,3.9
116.386,40.032,1.36,3.9
116.388,40.032,1.56,3.9
116.396,40.032,1.48,3.9
116.398,40.032,1.35,3.74
116.401,40.032,1.36,3.74
116.403,40.0319,1.12,3.74
116.398,40.0318,1.12,3.83
116.402,40.0318,1.18,3.83
116.423,40.0313,1.83,4
116.425,40.0312,1.64,4
116.428,40.0311,1.91,4
116.429,40.0311,1.11,4
116.434,40.0309,1.19,3.88
116.438,40.0308,1.25,3.88
116.439,40.0308,1.14,3.88
116.43,40.0309,1.09,3.88
116.436,40.0307,1.17,3.88
116.438,40.0306,1.98,3.88
116.441,40.0305,1.25,3.94
116.443,40.0305,1.17,3.94
116.446,40.0304,1.84,3.94
116.448,40.0303,2.01,3.94
116.45,40.0301,1.47,3.94
116.453,40.0297,1.77,3.94
116.455,40.0293,2.02,3.94
116.457,40.0289,1.5,3.94
116.449,40.0281,1.32,3.94
116.455,40.0262,1.36,3.88
116.457,40.0255,1.25,3.88
116.459,40.0248,1.19,3.9
116.461,40.0241,2.03,3.9
116.463,40.0347,1.32,3.9
116.464,40.0344,1.31,3.81
116.467,40.0335,2.29,3.81
116.469,40.0329,1.54,3.81
116.472,40.0298,1.57,3.83
116.473,40.0299,1.48,3.83
116.474,40.0299,1.44,3.91
116.474,40.0299,1.69,3.91
116.475,40.0299,1.73,3.91
116.475,40.0299,1.69,3.91
116.477,40.0299,1.68,3.9
116.479,40.0299,1.36,3.9
116.482,40.0299,1.55,3.9
116.482,40.0299,1.75,3.89
116.482,40.0299,1.6,3.91
116.486,40.0299,1.35,3.91
116.488,40.03,1.16,3.92
116.49,40.0299,1.4,3.92
116.493,40.0295,1.24,3.92
116.495,40.029,1.38,3.83
116.497,40.0283,1.2,3.83
116.499,40.0275,1.2,3.83
116.501,40.0264,1.23,3.83
116.502,40.0256,1.3,3.79
116.496,40.0211,1.45,3.87
116.498,40.0197,2.7,3.87
116.5,40.0178,1.25,3.87
116.5,40.0173,1.67,3.9
116.502,40.0154,1.21,3.9
116.503,40.0146,1.28,3.9
116.505,40.0123,1.72,3.93
116.506,40.0113,3.52,3.93
116.507,40.0108,1.73,3.93
116.509,40.0084,2.53,3.92
116.51,40.0186,1.62,3.92
116.515,40.0126,1.63,3.96
116.515,40.0126,1.67,3.79
116.515,40.0126,1.85,3.97
116.515,40.0126,1.51,3.97
116.515,40.0126,1.49,3.97
116.515,40.0126,1.49,3.97
116.515,40.0126,1.48,3.97
116.515,40.0126,1.55,3.97
116.515,40.0126,1.57,3.97
116.515,40.0126,1.57,3.98
116.515,40.0126,1.52,3.98
116.515,40.0126,1.49,3.98
116.515,40.0126,1.56,3.98
116.515,40.0126,1.56,3.98
116.515,40.0126,1.55,3.98
116.515,40.0126,1.61,3.97
116.515,40.0126,1.6,3.97
116.515,40.0126,1.64,3.97
116.515,40.0126,1.56,3.96
116.515,40.0126,1.62,3.96
116.515,40.0126,1.58,3.96
116.515,40.0126,1.52,3.96
116.515,40.0126,1.6,3.99
116.515,40.0126,1.68,3.99
116.515,40.0126,1.63,3.99
116.515,40.0126,1.59,3.98
116.515,40.0126,1.61,3.98
116.515,40.0126,1.55,3.98
116.515,40.0126,1.59,3.96
116.515,40.0126,1.59,3.96
116.515,40.0125,1.57,3.96
116.516,40.0121,2.07,3.96
116.517,40.0109,1.48,3.96
116.518,40.01,1.64,3.96
116.52,40.0081,1.94,3.96
116.521,40.0068,2.85,3.96
116.522,40.0061,1.87,3.96
116.513,40.0038,1.46,3.96
116.516,39.9999,1.13,3.88
116.518,39.9976,1.17,3.88
116.52,39.996,1.09,3.96
116.52,39.9953,1.08,3.96
116.523,39.9924,1.37,3.96
116.523,39.9917,1.42,3.91
116.525,40.0004,1.5,3.91
116.527,39.9981,1.28,3.91
116.528,39.9968,1.44,3.97
116.529,39.9956,1.88,3.97
116.53,39.9937,4.4,3.97
116.531,39.9924,2.72,3.95
116.534,39.989,0.87,3.95
116.535,39.9878,1.99,3.95
116.536,39.9864,1.66,3.97
116.537,39.985,1.94,3.97
116.54,39.9815,2.42,3.82
116.529,39.9802,2.43,3.82
116.531,39.9778,2.68,3.82
116.541,39.9663,3.27,3.99
116.543,39.9638,2.76,3.99
116.543,39.9622,2.77,3.98
116.544,39.9616,2.37,3.98
116.545,39.9594,2.19,3.98
116.546,39.9589,2.36,3.89
116.549,39.9667,2.49,3.89
116.55,39.9654,1.88,3.97
116.551,39.9638,2.51,3.97
116.553,39.9618,2.16,3.97
116.555,39.9606,2.45,3.93
116.556,39.9591,2.47,3.93
116.546,39.958,2.04,3.93
116.547,39.956,2.45,3.93
116.548,39.9547,2.22,3.95
116.548,39.9538,1.6,3.95
116.549,39.9529,2.54,3.95
116.549,39.9527,2.58,3.92
116.549,39.9521,2.9,3.92
116.55,39.9511,2.7,3.94
116.55,39.9506,3.07,3.94
116.55,39.9502,3.63,3.94
116.55,39.9498,3.11,3.92
116.55,39.9491,2.74,3.92
116.55,39.9473,2.31,3.92
116.551,39.9464,3.17,3.9
116.551,39.9461,4.15,3.9
116.551,39.9454,2.73,3.9
116.551,39.9452,2.18,3.9
116.551,39.9446,1.81,3.9
116.551,39.9438,1.87,3.9
116.551,39.943,2.14,3.93
116.551,39.9425,1.87,3.93
116.551,39.9418,2.18,3.93
116.551,39.941,1.77,3.93
116.551,39.9515,1.85,3.93
116.551,39.9509,2.85,3.93
116.551,39.9501,2.53,3.92
116.551,39.9493,1.78,3.92
116.551,39.949,1.52,3.92
116.551,39.9482,1.76,3.77
116.551,39.9474,1.77,3.77
116.551,39.9465,1.97,3.77
116.551,39.9447,3.16,3.7
116.551,39.9434,3.14,3.7
116.552,39.9425,2.08,3.93
116.552,39.9413,1.77,3.93
116.552,39.9407,2.2,3.93
116.552,39.9401,2.89,3.89
116.552,39.9395,2.04,3.89
116.552,39.939,1.56,3.89
116.552,39.9384,2.09,3.92
116.552,39.9379,3.58,3.92
116.552,39.9367,1.95,3.92
116.552,39.9358,1.73,3.93
116.552,39.9348,1.68,3.93
116.552,39.9336,1.4,3.93
116.552,39.9308,1.57,3.87
116.552,39.9295,1.45,3.87
116.552,39.9283,1.84,3.87
116.553,39.9323,3.88,3.95
116.553,39.9318,3,3.95
116.553,39.9308,3.11,3.95
116.553,39.9303,3.15,3.95
116.553,39.9298,4.28,3.95
116.553,39.9291,2.57,3.81
116.553,39.9288,2.9,3.81
116.553,39.9267,3.03,3.81
116.554,39.9245,1.94,3.85
116.554,39.9219,1.61,3.85
116.554,39.921,1.74,3.89
116.555,39.9172,2.19,3.89
116.555,39.9132,1.63,3.9
116.556,39.9102,3.53,3.9
116.557,39.9175,3.88,3.87
116.558,39.9128,2.33,3.87
116.558,39.9109,2.87,3.81
116.558,39.909,1.63,3.81
116.559,39.9059,2.96,3.81
116.559,39.9038,2.38,3.8
116.56,39.9017,2.65,3.8
116.56,39.8988,2.42,3.8
116.56,39.8971,2.65,3.85
116.561,39.8952,3.75,3.85
116.561,39.8926,5.2,3.85
116.561,39.8918,4.73,3.85
116.561,39.9001,5.03,3.75
116.561,39.8974,4.63,3.75
116.561,39.8966,4.02,3.75
116.561,39.8942,3.37,3.73
116.561,39.8926,2.01,3.73
116.562,39.8901,1.93,3.73
116.562,39.8883,2.52,3.86
116.562,39.8865,2.52,3.86
116.561,39.8839,2.46,3.86
116.561,39.8832,2.58,3.86
116.546,39.8768,2.65,3.92
116.554,39.8767,2.65,3.93
116.552,39.8769,2.05,3.93
116.549,39.877,2.46,3.93
116.546,39.8772,5.7,3.86
116.544,39.8773,2.47,3.86
116.535,39.8778,1.65,3.87
116.54,39.878,1.75,3.87
116.537,39.8782,2.14,3.83
116.535,39.8783,3.01,3.83
116.533,39.8784,2.78,3.83
116.519,39.8793,2.62,3.92
116.517,39.8795,2.13,3.86
116.514,39.8796,2.16,3.86
116.512,39.8796,1.87,3.86
116.511,39.8796,1.38,3.88
116.509,39.8796,1.7,3.88
116.508,39.8797,1.42,3.88
116.507,39.8797,1.48,3.88
116.506,39.8797,1.38,3.86
116.504,39.8798,1.52,3.86
116.5,39.8808,1.25,3.85
116.499,39.8815,1.36,3.85
116.497,39.883,1.16,3.82
116.497,39.8842,1.38,3.82
116.497,39.8863,1.26,3.82
116.497,39.8913,2.03,3.81
116.497,39.8927,1.53,3.81
116.497,39.8938,1.17,3.84
116.497,39.8956,1.38,3.84
116.497,39.8969,2.05,3.84
116.497,39.8985,2.67,3.83
116.497,39.8999,2.55,3.83
116.497,39.9012,2.14,3.83
116.497,39.8907,2.12,3.79
116.497,39.8915,1.72,3.79
116.497,39.8929,1.48,3.79
116.497,39.8955,1.3,3.75
116.497,39.8972,1.35,3.75
116.497,39.8997,1.98,3.75
116.497,39.9015,3.59,3.74
116.497,39.9032,2.49,3.74
116.497,39.905,4.38,3.74
116.497,39.9078,1.63,3.76
116.497,39.9117,3.46,3.76
116.497,39.9146,1.76,3.76
116.497,39.9155,1.66,3.83
116.497,39.9076,1.58,3.83
116.497,39.9087,1.83,3.83
116.497,39.9105,1.47,3.83
116.497,39.9146,2.35,3.84
116.497,39.9176,1.41,3.84
116.497,39.9193,1.5,3.77
116.497,39.9211,2.17,3.77
116.497,39.9227,3.06,3.77
116.497,39.9233,2.09,3.77
116.497,39.9255,1.96,3.77
116.497,39.9262,4.29,3.77
116.497,39.9265,5.77,3.74
116.497,39.9271,2.58,3.74
116.496,39.9281,2.59,3.74
116.497,39.9294,2.21,3.67
116.497,39.9306,3.56,3.67
116.497,39.924,2.73,3.64
116.497,39.9331,2.89,3.79
116.497,39.9352,2.32,3.79
116.497,39.9372,1.68,3.76
116.497,39.9399,1.51,3.76
116.497,39.9414,1.98,3.63
116.497,39.9425,2.56,3.63
116.497,39.947,2.47,3.63
116.497,39.9496,2.4,3.73
116.497,39.9413,2.24,3.73
116.497,39.9423,2.78,3.73
116.497,39.9453,2.04,3.75
116.497,39.9482,2.54,3.75
116.497,39.9501,1.8,3.75
116.497,39.9523,2.82,3.69
116.497,39.9569,5.52,3.69
116.497,39.9588,4.4,3.84
116.497,39.9607,3.22,3.84
116.497,39.9636,4.52,3.84
116.497,39.9651,4.71,3.84
116.497,39.9581,4.8,3.79
116.496,39.9598,4.48,3.79
116.496,39.9617,4.61,3.84
116.506,39.9645,4.69,3.84
116.505,39.9665,5.26,3.84
116.505,39.9673,5.19,3.8
116.502,39.9708,3.81,3.8
116.5,39.9726,2.86,3.8
116.496,39.9757,2.36,3.82
116.494,39.9776,2.73,3.82
116.492,39.9789,2.35,3.82
116.488,39.9773,1.41,3.83
116.488,39.9774,1.42,3.83
116.484,39.9801,1.64,3.77
116.482,39.9811,1.97,3.77
116.482,39.9814,2.07,3.77
116.481,39.9817,1.73,3.77
116.481,39.9819,1.74,3.77
116.48,39.9826,2.29,3.72
116.479,39.9832,2.59,3.72
116.479,39.9835,2.2,3.72
116.478,39.9839,1.65,3.8
116.477,39.9846,1.84,3.8
116.476,39.985,2.07,3.8
116.476,39.9854,1.97,3.79
116.475,39.9859,1.65,3.79
116.473,39.9868,1.54,3.79
116.472,39.9875,1.76,3.79
116.471,39.9884,1.88,3.79
116.469,39.99,3.06,3.79
116.465,39.9923,2.6,3.64
116.474,39.994,2.3,3.64
116.472,39.9952,2.63,3.74
116.467,39.9981,2.7,3.74
116.464,40.0001,1.76,3.74
116.462,40.0014,1.57,3.77
116.46,39.9916,1.64,3.77
116.457,39.9932,1.48,3.77
116.449,39.9966,1.25,3.69
116.457,39.9973,1.47,3.78
116.455,39.9978,2.1,3.78
116.449,39.9981,2.16,3.74
116.446,39.9981,1.58,3.74
116.442,39.998,1.88,3.74
116.44,39.998,1.59,3.77
116.437,39.998,3.84,3.77
116.433,39.9979,3.61,3.77
116.431,39.9979,2.74,3.76
116.439,39.9977,2.16,3.76
116.418,39.9972,1.45,3.77
116.414,39.9971,1.76,3.77
116.412,39.997,1.43,3.77
116.406,39.9968,2.14,3.7
116.404,39.9968,1.9,3.7
116.4,39.9967,1.49,3.7
116.398,39.9966,2.44,3.79
116.406,39.9966,1.59,3.79
116.403,39.9966,1.39,3.79
116.398,39.9964,2.42,3.74
116.397,39.9963,1.83,3.74
116.395,39.9962,2.42,3.72
116.393,39.9961,1.92,3.72
116.387,39.9958,1.87,3.75
116.385,39.9958,1.44,3.75
116.38,39.9955,2.29,3.75
116.389,39.9956,1.79,3.7
116.385,39.9955,2.22,3.7
116.374,39.9949,1.19,3.72
116.372,39.9948,1.17,3.72
116.369,39.9947,2.5,3.76
116.367,39.9946,2.54,3.76
116.373,39.9946,4.17,3.76
116.369,39.9944,3.58,3.74
116.368,39.9943,2.91,3.74
116.364,39.9941,1.87,3.76
116.358,39.9938,1.75,3.76
116.353,39.9937,1.98,3.76
116.35,39.9935,3.26,3.76
116.35,39.9929,1.33,3.75
116.347,39.9928,1.26,3.69
116.346,39.9927,2.02,3.69
116.342,39.9926,1.81,3.69
116.341,39.9926,1.51,3.58
116.338,39.9925,1.13,3.58
116.338,39.9925,1.2,3.58
116.334,39.9924,1.66,3.54
116.333,39.9924,1.84,3.54
116.333,39.9924,1.56,3.54
116.332,39.9924,1.42,3.42
116.33,39.9923,1.31,3.42
116.34,39.9922,1.45,3.42
116.338,39.9922,1.47,3.44
116.336,39.9921,1.33,3.44
116.335,39.9921,1.3,3.44
116.332,39.9921,1.47,3.41
116.331,39.9921,1.48,3.41
116.33,39.9921,1.17,3.41
116.328,39.9923,2.54,3.37
116.327,39.9922,1.68,3.37
116.327,39.9921,1.62,3.37
116.326,39.9921,1.78,3.37
116.315,39.9852,1.82,3.37
116.314,39.9849,2.13,3.69
116.313,39.9848,1.5,3.69
116.312,39.9848,2.42,3.69
116.311,39.9847,1.47,3.7
116.31,39.9847,2.04,3.7
116.31,39.9847,1.45,3.7
116.309,39.9847,2.14,3.7
116.308,39.9846,1.74,3.57
116.308,39.9846,1.63,3.57
116.307,39.9841,1.53,3.57
116.308,39.9832,1.41,3.58
116.308,39.9823,1.54,3.58
116.308,39.9812,1.84,3.58
116.308,39.9811,1.79,3.63
116.308,39.9811,1.76,3.63
116.308,39.9811,2.04,3.63
116.308,39.9809,1.97,3.65
116.308,39.9803,1.55,3.65
116.308,39.9795,1.54,3.65
116.307,39.9794,1.29,3.73
116.307,39.9794,1.31,3.73
116.307,39.9794,1.32,3.73
116.307,39.9794,1.33,3.73
116.307,39.9794,1.35,3.6
116.307,39.9794,1.45,3.6
116.307,39.9794,1.38,3.6
116.307,39.9794,1.41,3.63
116.307,39.9794,1.38,3.63
116.307,39.9794,1.36,3.63
116.307,39.9794,1.39,3.6
116.307,39.9794,1.44,3.6
116.307,39.9795,1.36,3.6
116.307,39.9795,1.42,3.57
116.307,39.9795,1.39,3.57
116.307,39.9795,1.42,3.57
116.307,39.9795,1.42,3.57
116.308,39.9795,1.38,3.57
116.308,39.9795,1.39,3.57
116.308,39.9795,1.37,3.57
116.307,39.9795,1.42,3.58
116.307,39.9795,1.34,3.58
116.308,39.9795,1.39,3.58
116.308,39.9795,1.39,3.61
116.307,39.9795,1.41,3.61
116.308,39.9795,1.37,3.61
116.308,39.9795,1.38,3.54
116.307,39.9795,1.4,3.54
116.307,39.9795,1.41,3.54
116.307,39.9794,1.44,3.59
116.307,39.9794,1.42,3.59
116.307,39.9794,1.38,3.59
116.307,39.9794,1.39,3.57
116.307,39.9794,1.47,3.57
116.307,39.9794,1.46,3.57
116.307,39.9794,1.43,3.57
116.307,39.9794,1.4,3.55
116.307,39.9794,1.48,3.55
116.307,39.9794,1.41,3.55
116.307,39.9794,1.41,3.58
116.307,39.9793,1.4,3.58
116.307,39.9793,1.4,3.58
116.307,39.9794,1.38,3.59
116.307,39.9794,1.41,3.59
116.307,39.9794,1.39,3.59
116.307,39.9794,1.4,3.53
116.307,39.9794,1.38,3.53
116.307,39.9794,1.38,3.53
116.307,39.9794,1.34,3.56
116.307,39.9794,1.46,3.56
116.307,39.9794,1.38,3.56
116.307,39.9794,1.39,3.57
116.307,39.9794,1.3,3.57
116.307,39.9793,1.39,3.57
116.307,39.9793,1.33,3.57
116.307,39.9793,1.42,3.56
116.307,39.9793,1.43,3.56
116.307,39.9793,1.39,3.56
116.307,39.9793,1.36,3.55
116.307,39.9793,1.37,3.55
116.307,39.9793,1.45,3.55
116.307,39.9793,1.42,3.54
116.307,39.9794,1.42,3.54
116.307,39.9794,1.43,3.54
116.307,39.9793,1.41,3.52
116.307,39.9793,1.4,3.52
116.307,39.9794,1.42,3.52
116.307,39.9793,1.42,3.51
116.307,39.9794,1.38,3.51
116.307,39.9794,1.4,3.51
116.307,39.9794,1.43,3.51
116.308,39.9794,1.41,3.51
116.308,39.9794,1.42,3.51
116.308,39.9794,1.4,3.51
116.308,39.9794,1.36,3.52
116.308,39.9794,1.37,3.52
116.308,39.9794,1.38,3.52
116.307,39.9794,1.41,3.54
116.307,39.9794,1.38,3.54
116.307,39.9794,1.43,3.54
116.307,39.9794,1.38,3.51
116.307,39.9794,1.38,3.51
116.307,39.9794,1.38,3.51
116.307,39.9794,1.43,3.51
116.307,39.9794,1.48,3.51
116.307,39.9794,1.34,3.51
116.307,39.9794,1.43,3.51
116.307,39.9794,1.4,3.51
116.307,39.9795,1.34,3.51
116.307,39.9795,1.41,3.51
116.307,39.9795,1.35,3.52
116.307,39.9795,1.41,3.52
116.307,39.9795,1.44,3.52
116.307,39.9795,1.47,3.48
116.307,39.9795,1.44,3.48
116.307,39.9796,1.38,3.48
116.307,39.9796,1.36,3.48
116.307,39.9796,1.42,3.48
116.307,39.9796,1.39,3.48
116.307,39.9796,1.51,3.48
116.307,39.9796,1.39,3.5
116.307,39.9796,1.36,3.5
116.307,39.9796,1.4,3.5
116.307,39.9796,1.45,3.51
116.307,39.9796,1.42,3.51
116.307,39.9797,1.29,3.59
116.307,39.9797,1.38,3.59
116.307,39.9797,1.29,3.59
116.307,39.9796,1.38,3.65
116.307,39.9796,1.42,3.65
116.307,39.9796,1.38,3.58
116.307,39.9796,1.38,3.58
116.307,39.9796,1.36,3.58
116.307,39.9796,1.33,3.58
116.307,39.9795,1.37,3.55
116.307,39.9795,1.4,3.55
116.307,39.9795,1.44,3.55
116.307,39.9795,1.3,3.55
116.307,39.9795,1.39,3.55
116.307,39.9795,1.34,3.55
116.307,39.9795,1.35,3.53
116.307,39.9794,1.33,3.53
116.307,39.9794,1.41,3.53
116.307,39.9794,1.4,3.56
116.307,39.9794,1.38,3.56
116.307,39.9794,1.35,3.56
116.307,39.9794,1.34,3.54
116.307,39.9794,1.35,3.54
116.307,39.9794,1.29,3.54
116.307,39.9794,1.36,3.54
116.307,39.9794,1.36,3.57
116.307,39.9794,1.41,3.57
116.307,39.9794,1.44,3.57
116.307,39.9794,1.38,3.54
116.307,39.9794,1.41,3.54
116.307,39.9794,1.42,3.54
116.307,39.9794,1.39,3.51
116.307,39.9795,1.62,3.51
116.307,39.9789,1.54,3.51
116.308,39.978,1.98,3.51
116.307,39.9772,1.73,3.51
116.308,39.9769,1.73,3.51
116.308,39.9767,1.48,3.52
116.308,39.9766,1.48,3.52
116.308,39.9766,1.5,3.52
116.308,39.9766,1.52,3.51
116.308,39.9766,1.56,3.51
116.308,39.9766,1.46,3.51
116.308,39.9766,1.58,3.51
116.308,39.9765,1.45,3.53
116.308,39.9765,1.44,3.53
116.308,39.9765,1.41,3.53
116.308,39.9765,1.41,3.54
116.308,39.9765,1.46,3.63
116.308,39.9766,1.44,3.63
116.308,39.9766,1.43,3.69
116.308,39.9766,1.3,3.69
116.308,39.9765,1.46,3.69
116.308,39.976,1.59,3.66
116.308,39.9751,1.59,3.66
116.308,39.9747,1.7,3.66
116.308,39.9745,1.14,3.66
116.306,39.9743,1.23,3.66
116.305,39.9742,2.29,3.66
116.305,39.9742,2.69,3.58
116.305,39.9742,1.6,3.58
116.304,39.9742,1.45,3.58
116.303,39.9753,1.44,3.51
116.303,39.9757,1.46,3.51
116.301,39.9796,2.59,3.67
116.301,39.9797,2.49,3.67
116.301,39.9797,2.65,3.67
116.301,39.9797,2.53,3.61
116.301,39.9797,2.48,3.61
116.301,39.98,2.83,3.61
116.301,39.9812,2.38,3.58
116.3,39.9817,2.42,3.58
116.302,39.9844,1.34,3.61
116.304,39.9844,1.58,3.67
116.304,39.9844,1.59,3.67
116.304,39.9844,1.6,3.67
116.304,39.9844,1.67,3.6
116.304,39.9845,1.74,3.6
116.305,39.9845,1.99,3.6
116.306,39.9846,1.52,3.6
116.307,39.9846,2.17,3.6
116.308,39.9846,1.11,3.6
116.309,39.9846,1.38,3.6
116.31,39.9846,2.32,3.58
116.311,39.9847,2.02,3.58
116.311,39.9847,2.12,3.58
116.312,39.9847,1.62,3.57
116.312,39.9847,2.03,3.65
116.312,39.9847,2.12,3.65
116.312,39.9848,1.91,3.65
116.312,39.9849,1.53,3.55
116.311,39.9848,2.24,3.55
116.31,39.9847,1.26,3.55
116.308,39.9847,1.43,3.48
116.307,39.9846,1.91,3.48
116.306,39.9846,2.61,3.48
116.305,39.9846,2.62,3.47
116.305,39.9846,2.9,3.47
116.305,39.9846,2.59,3.47
