116.393,39.7692,0,0,0,0,0,0,0,0,1.62,3.88
116.4,39.7695,0,0,0,0,0,0,0,0,1.21,3.94
116.388,39.7711,0,0,0,0,0,0,0,0,1.41,3.92
116.402,39.7699,0,0,0,0,0,0,0,0,1.45,3.94
116.404,39.7705,0,0,0,0,0,0,0,0,1.13,3.94
116.397,39.7713,0,0,0,0,0,0,0,0,1.72,3.94
116.406,39.7709,0,0,0,0,0,0,0,0,1.62,3.94
116.4,39.7721,0,0,0,0,0,0,0,0,2.03,3.94
116.402,39.7726,0,0,0,0,0,0,0,0,1.46,3.94
116.303,39.7842,0,0,0,0,0,0,0,0,1.43,3.97
116.304,39.7844,0,0,0,0,0,0,0,0,1.39,3.97
116.382,39.7766,0,0,0,0,0,0,0,0,1.71,4.08
116.288,39.7862,0,0,0,0,0,0,0,0,1.41,4.1
116.286,39.7872,0,0,0,0,0,0,0,0,1.58,4.1
116.3,39.7866,0,0,0,0,0,0,0,0,1.54,4.02
116.284,39.7885,0,0,0,0,0,0,0,0,1.47,4.03
116.301,39.787,0,0,0,0,0,0,0,0,1.33,4.02
116.381,39.779,0,0,0,0,0,0,0,0,1.56,4.1
116.435,39.7744,0,0,0,0,0,0,0,0,1.43,3.52
116.381,39.7797,0,0,0,0,0,0,0,0,1.49,4.1
116.42,39.7768,0,0,0,0,0,0,0,0,1.5,3.79
116.304,39.7886,0,0,0,0,0,0,0,0,1.41,4.02
116.436,39.7757,0,0,0,0,0,0,0,0,1.63,3.52
116.381,39.7812,0,0,0,0,0,0,0,0,1.38,4.1
116.287,39.7913,0,0,0,0,0,0,0,0,1.33,4.08
116.306,39.7897,0,0,0,0,0,0,0,0,1.48,3.98
116.281,39.7925,0,0,0,0,0,0,0,0,1.41,4.03
116.383,39.7824,0,0,0,0,0,0,0,0,1.95,4.08
116.418,39.779,0,0,0,0,0,0,0,0,1.29,3.55
116.308,39.7906,0,0,0,0,0,0,0,0,2.07,3.98
116.286,39.7929,0,0,0,0,0,0,0,0,1.63,4.08
116.421,39.7795,0,0,0,0,0,0,0,0,1.24,3.55
116.28,39.7941,0,0,0,0,0,0,0,0,1.32,4.05
116.286,39.7939,0,0,0,0,0,0,0,0,1.56,4.08
116.31,39.7921,0,0,0,0,0,0,0,0,1.44,3.98
116.382,39.7851,0,0,0,0,0,0,0,0,1.52,4.08
116.426,39.7812,0,0,0,0,0,0,0,0,1.36,3.54
116.312,39.7932,0,0,0,0,0,0,0,0,1.33,3.98
116.389,39.7863,0,0,0,0,0,0,0,0,1.53,4.11
116.429,39.7823,0,0,0,0,0,0,0,0,1.74,3.54
116.43,39.7822,0,0,0,0,0,0,0,0,1.17,3.51
116.289,39.7965,0,0,0,0,0,0,0,0,1.32,4.05
116.285,39.7971,0,0,0,0,0,0,0,0,0.74,4.06
116.314,39.7943,0,0,0,0,0,0,0,0,1.34,4.01
116.387,39.7874,0,0,0,0,0,0,0,0,2.3,4.11
116.285,39.7978,0,0,0,0,0,0,0,0,0.68,4.06
116.285,39.7981,0,0,0,0,0,0,0,0,0.57,4.0325
116.285,39.7981,0,0,0,0,0,0,0,0,0.75,4.02
116.285,39.7981,0,0,0,0,0,0,0,0,0.638333,4.04
116.285,39.7981,0,0,0,0,0,0,0,0,0.505,4.07
116.351,39.7917,0,0,0,0,0,0,0,0,1.87,4.02
116.366,39.7905,0,0,0,0,0,0,0,0,1.26,4.11
116.341,39.7929,0,0,0,0,0,0,0,0,1.75,4.03
116.43,39.784,0,0,0,0,0,0,0,0,1.5,3.51
116.289,39.7982,0,0,0,0,0,0,0,0,1.33,4.05
116.338,39.7933,0,0,0,0,0,0,0,0,1.95,4.03
116.351,39.792,0,0,0,0,0,0,0,0,1.51,4.04
116.368,39.7904,0,0,0,0,0,0,0,0,1.92,4.11
116.336,39.7936,0,0,0,0,0,0,0,0,1.84,4.01
116.346,39.7926,0,0,0,0,0,0,0,0,1.5,4.03
116.317,39.7956,0,0,0,0,0,0,0,0,1.43,4.01
116.334,39.7939,0,0,0,0,0,0,0,0,1.83,4.01
116.36,39.7913,0,0,0,0,0,0,0,0,1.29,4.05
116.284,39.7989,0,0,0,0,0,0,0,0,1.31,4.02
116.33,39.7944,0,0,0,0,0,0,0,0,1.65,4.01
116.372,39.7902,0,0,0,0,0,0,0,0,1.82,4.1
116.35,39.7924,0,0,0,0,0,0,0,0,1.29,4.04
116.363,39.7912,0,0,0,0,0,0,0,0,1.05,4
116.374,39.7902,0,0,0,0,0,0,0,0,1.26,4.1
116.353,39.7923,0,0,0,0,0,0,0,0,1.49,4.04
116.433,39.7843,0,0,0,0,0,0,0,0,1.63,3.54
116.377,39.79,0,0,0,0,0,0,0,0,1.49,4.1
116.369,39.791,0,0,0,0,0,0,0,0,1.13,4
116.371,39.7909,0,0,0,0,0,0,0,0,1.21,4.11
116.319,39.7962,0,0,0,0,0,0,0,0,1.36,4
116.373,39.7908,0,0,0,0,0,0,0,0,1.25,4.11
116.284,39.7998,0,0,0,0,0,0,0,0,1.35,4.02
116.339,39.7946,0,0,0,0,0,0,0,0,1.45,4.03
116.336,39.7949,0,0,0,0,0,0,0,0,1.43,4.03
116.334,39.7951,0,0,0,0,0,0,0,0,1.39,4.03
116.331,39.7956,0,0,0,0,0,0,0,0,1.43,4.01
116.322,39.7966,0,0,0,0,0,0,0,0,1.24,4.005
116.326,39.7963,0,0,0,0,0,0,0,0,1.17,4.01
116.316,39.7974,0,0,0,0,0,0,0,0,1.34,4
116.323,39.7966,0,0,0,0,0,0,0,0,1.26,4.01
116.321,39.7969,0,0,0,0,0,0,0,0,1.58,4.01
116.319,39.7971,0,0,0,0,0,0,0,0,0.5,4.01
116.284,39.8009,0,0,0,0,0,0,0,0,1.49,4.05
116.324,39.797,0,0,0,0,0,0,0,0,1.36,4
116.288,39.8009,0,0,0,0,0,0,0,0,1.57,4.08
116.283,39.8027,0,0,0,0,0,0,0,0,1.96,4.05
116.282,39.804,0,0,0,0,0,0,0,0,1.53,4.05
116.282,39.8047,0,0,0,0,0,0,0,0,1.73,4.05
116.282,39.8062,0,0,0,0,0,0,0,0,2.07,4.05
116.434,39.7928,0,0,0,0,0,0,0,0,1.27,3.6
116.279,39.8088,0,0,0,0,0,0,0,0,1.24,4.01
116.281,39.8086,0,0,0,0,0,0,0,0,1.53,4.05
116.435,39.7946,0,0,0,0,0,0,0,0,1.68,3.6
116.279,39.8106,0,0,0,0,0,0,0,0,1.21,4.01
116.28,39.8107,0,0,0,0,0,0,0,0,1.55,4.05
116.444,39.7945,0,0,0,0,0,0,0,0,1.95,3.51
116.436,39.7963,0,0,0,0,0,0,0,0,1.48,3.6
116.278,39.8122,0,0,0,0,0,0,0,0,1.42,4.01
116.28,39.8122,0,0,0,0,0,0,0,0,1.94,4.02
116.446,39.7957,0,0,0,0,0,0,0,0,1.45,3.51
116.447,39.7962,0,0,0,0,0,0,0,0,1.35,3.51
116.278,39.8133,0,0,0,0,0,0,0,0,1.72,4
116.278,39.8133,0,0,0,0,0,0,0,0,2.09,4.07
116.278,39.8133,0,0,0,0,0,0,0,0,1.7,4
116.278,39.8133,0,0,0,0,0,0,0,0,1.77,4.062
116.278,39.8133,0,0,0,0,0,0,0,0,1.72,4
116.278,39.8134,0,0,0,0,0,0,0,0,1.55,4.05
116.437,39.7978,0,0,0,0,0,0,0,0,1.91,3.6
116.279,39.8137,0,0,0,0,0,0,0,0,2.18,4.02
116.278,39.8138,0,0,0,0,0,0,0,0,1.68,4.05
116.449,39.7972,0,0,0,0,0,0,0,0,2.1,3.51
116.278,39.8147,0,0,0,0,0,0,0,0,1.61,4.05
116.45,39.7977,0,0,0,0,0,0,0,0,1.64,3.56
116.278,39.8161,0,0,0,0,0,0,0,0,1.59,4.01
116.453,39.7989,0,0,0,0,0,0,0,0,1.33,3.56
116.446,39.8002,0,0,0,0,0,0,0,0,2.06,3.59
116.279,39.8172,0,0,0,0,0,0,0,0,1.26,4.01
116.455,39.7996,0,0,0,0,0,0,0,0,1.48,3.56
116.45,39.8007,0,0,0,0,0,0,0,0,1.97,3.59
116.277,39.8183,0,0,0,0,0,0,0,0,1.46,4.01
116.453,39.801,0,0,0,0,0,0,0,0,1.87,3.59
116.454,39.801,0,0,0,0,0,0,0,0,1.5,3.54
116.457,39.8011,0,0,0,0,0,0,0,0,1.19,3.54
116.463,39.8008,0,0,0,0,0,0,0,0,1.24,3.5
116.462,39.801,0,0,0,0,0,0,0,0,1.4,3.55
116.277,39.8197,0,0,0,0,0,0,0,0,1.39,4.01
116.465,39.8008,0,0,0,0,0,0,0,0,1.47,3.55
116.468,39.8007,0,0,0,0,0,0,0,0,1.57,3.55
116.471,39.8007,0,0,0,0,0,0,0,0,2.26,3.55
116.471,39.8026,0,0,0,0,0,0,0,0,1.68,3.52
116.473,39.8037,0,0,0,0,0,0,0,0,1.25,3.52
116.264,39.8259,0,0,0,0,0,0,0,0,1.39,4.07
116.263,39.8272,0,0,0,0,0,0,0,0,1.44,4.07
116.476,39.8062,0,0,0,0,0,0,0,0,1.11,3.54
116.273,39.8269,0,0,0,0,0,0,0,0,1.21,3.95
116.272,39.8282,0,0,0,0,0,0,0,0,1.44,4.09
116.273,39.8286,0,0,0,0,0,0,0,0,1.5,4.07
116.27,39.8301,0,0,0,0,0,0,0,0,1.93,4.09
116.479,39.8092,0,0,0,0,0,0,0,0,1.22,3.54
116.269,39.8314,0,0,0,0,0,0,0,0,1.7,4.07
116.481,39.8107,0,0,0,0,0,0,0,0,1.5,3.54
116.27,39.8321,0,0,0,0,0,0,0,0,1.2,4.06
116.267,39.8334,0,0,0,0,0,0,0,0,1.5,4.07
116.269,39.8335,0,0,0,0,0,0,0,0,1.38,4.06
116.483,39.8129,0,0,0,0,0,0,0,0,1.99,3.54
116.266,39.835,0,0,0,0,0,0,0,0,1.45,4.07
116.267,39.8356,0,0,0,0,0,0,0,0,1.44,4.06
116.484,39.8143,0,0,0,0,0,0,0,0,1.9,3.54
116.266,39.8368,0,0,0,0,0,0,0,0,1.47,4.03
116.265,39.8382,0,0,0,0,0,0,0,0,1.55,4.03
116.263,39.8398,0,0,0,0,0,0,0,0,1.49,4.03
116.249,39.8424,0,0,0,0,0,0,0,0,0.7,4.08
116.262,39.8419,0,0,0,0,0,0,0,0,1.55,4.03
116.248,39.8438,0,0,0,0,0,0,0,0,1.46,4.08
116.26,39.8431,0,0,0,0,0,0,0,0,1.39,4.01
116.258,39.8448,0,0,0,0,0,0,0,0,1.94,4.01
116.256,39.8457,0,0,0,0,0,0,0,0,2.06,4.01
116.253,39.8464,0,0,0,0,0,0,0,0,1.76,3.99
116.25,39.8473,0,0,0,0,0,0,0,0,2.03,3.99
116.249,39.8475,0,0,0,0,0,0,0,0,1.62,3.99
116.254,39.8494,0,0,0,0,0,0,0,0,1.38,3.98
116.252,39.8507,0,0,0,0,0,0,0,0,1.45,3.98
116.251,39.8512,0,0,0,0,0,0,0,0,1.68,4.08
116.513,39.8284,0,0,0,0,0,0,0,0,1.55,3.64
116.238,39.8597,0,0,0,0,0,0,0,0,1.21,4.09
116.237,39.8617,0,0,0,0,0,0,0,0,1.23,4.09
116.239,39.8645,0,0,0,0,0,0,0,0,1.3,4.11
116.237,39.8648,0,0,0,0,0,0,0,0,1.53,4.07
116.239,39.8654,0,0,0,0,0,0,0,0,1.11,4.11
116.236,39.8664,0,0,0,0,0,0,0,0,1.59,4.07
116.236,39.8682,0,0,0,0,0,0,0,0,1.58,4.07
116.235,39.8698,0,0,0,0,0,0,0,0,1.39,4.05
116.233,39.8719,0,0,0,0,0,0,0,0,1.76,4.05
116.536,39.8417,0,0,0,0,0,0,0,0,1.23,3.52
116.232,39.8734,0,0,0,0,0,0,0,0,1.8,4.05
116.539,39.8436,0,0,0,0,0,0,0,0,1.27,3.52
116.231,39.875,0,0,0,0,0,0,0,0,2.41,4.05
116.23,39.8766,0,0,0,0,0,0,0,0,1.9,4.05
116.533,39.8479,0,0,0,0,0,0,0,0,1.37,3.55
116.228,39.8788,0,0,0,0,0,0,0,0,1.24,4.05
116.219,39.8798,0,0,0,0,0,0,0,0,1.48,4.1
116.227,39.8795,0,0,0,0,0,0,0,0,1.27,4.05
116.535,39.849,0,0,0,0,0,0,0,0,1.4,3.47
116.549,39.8483,0,0,0,0,0,0,0,0,1.67,3.29
116.226,39.881,0,0,0,0,0,0,0,0,1.42,4.05
116.225,39.8824,0,0,0,0,0,0,0,0,1.27,4.06
116.552,39.85,0,0,0,0,0,0,0,0,1.92,3.29
116.552,39.8505,0,0,0,0,0,0,0,0,2.06,3.35
116.553,39.851,0,0,0,0,0,0,0,0,3.03,3.35
116.217,39.8853,0,0,0,0,0,0,0,0,1.53,4.1
116.554,39.8519,0,0,0,0,0,0,0,0,1.68,3.35
116.216,39.887,0,0,0,0,0,0,0,0,1.42,4.1
116.556,39.8533,0,0,0,0,0,0,0,0,1.48,3.35
116.546,39.8545,0,0,0,0,0,0,0,0,1.51,3.39
116.216,39.8884,0,0,0,0,0,0,0,0,1.73,4.1
116.549,39.8562,0,0,0,0,0,0,0,0,1.46,3.39
116.549,39.8567,0,0,0,0,0,0,0,0,1.58,3.39
116.552,39.8585,0,0,0,0,0,0,0,0,1.52,3.4
116.219,39.8925,0,0,0,0,0,0,0,0,1.33,4.13
116.562,39.8585,0,0,0,0,0,0,0,0,1.41,3.3
116.554,39.8597,0,0,0,0,0,0,0,0,2.07,3.4
116.22,39.8941,0,0,0,0,0,0,0,0,1.26,4.13
116.556,39.8615,0,0,0,0,0,0,0,0,1.75,3.4
116.221,39.8959,0,0,0,0,0,0,0,0,1.13,4.05
116.563,39.862,0,0,0,0,0,0,0,0,1.35,3.3
116.558,39.8628,0,0,0,0,0,0,0,0,3.02,3.37
116.563,39.8635,0,0,0,0,0,0,0,0,1.48,3.3
116.559,39.8641,0,0,0,0,0,0,0,0,1.5,3.37
116.563,39.8645,0,0,0,0,0,0,0,0,1.53,3.4
116.218,39.8997,0,0,0,0,0,0,0,0,1.23,4.12
116.56,39.8657,0,0,0,0,0,0,0,0,2.44,3.37
116.562,39.8659,0,0,0,0,0,0,0,0,1.48,3.4
116.562,39.8679,0,0,0,0,0,0,0,0,2.21,3.37
116.562,39.868,0,0,0,0,0,0,0,0,1.87,3.4
116.561,39.8712,0,0,0,0,0,0,0,0,1.88,3.38
116.561,39.8734,0,0,0,0,0,0,0,0,2.09,3.38
116.221,39.9078,0,0,0,0,0,0,0,0,1.61,4.09
116.504,39.8798,0,0,0,0,0,0,0,0,1.52,3.86
116.506,39.8797,0,0,0,0,0,0,0,0,1.38,3.86
116.507,39.8797,0,0,0,0,0,0,0,0,1.48,3.88
116.508,39.8797,0,0,0,0,0,0,0,0,1.42,3.88
116.509,39.8796,0,0,0,0,0,0,0,0,1.7,3.88
116.511,39.8796,0,0,0,0,0,0,0,0,1.38,3.88
116.5,39.8808,0,0,0,0,0,0,0,0,1.25,3.85
116.512,39.8796,0,0,0,0,0,0,0,0,1.87,3.86
116.561,39.8748,0,0,0,0,0,0,0,0,2.02,3.37
116.514,39.8796,0,0,0,0,0,0,0,0,2.16,3.86
116.517,39.8795,0,0,0,0,0,0,0,0,2.13,3.86
116.519,39.8793,0,0,0,0,0,0,0,0,2.62,3.92
116.535,39.8778,0,0,0,0,0,0,0,0,1.65,3.87
116.546,39.8768,0,0,0,0,0,0,0,0,2.65,3.92
116.499,39.8815,0,0,0,0,0,0,0,0,1.36,3.85
116.221,39.9093,0,0,0,0,0,0,0,0,1.62,4.07
116.561,39.8755,0,0,0,0,0,0,0,0,2.67,3.42
116.544,39.8773,0,0,0,0,0,0,0,0,2.47,3.86
116.533,39.8784,0,0,0,0,0,0,0,0,2.78,3.83
116.546,39.8772,0,0,0,0,0,0,0,0,5.7,3.86
116.535,39.8783,0,0,0,0,0,0,0,0,3.01,3.83
116.549,39.877,0,0,0,0,0,0,0,0,2.46,3.93
116.537,39.8782,0,0,0,0,0,0,0,0,2.14,3.83
116.54,39.878,0,0,0,0,0,0,0,0,1.75,3.87
116.552,39.8769,0,0,0,0,0,0,0,0,2.05,3.93
116.554,39.8767,0,0,0,0,0,0,0,0,2.65,3.93
116.56,39.8766,0,0,0,0,0,0,0,0,2.07,3.37
116.497,39.883,0,0,0,0,0,0,0,0,1.16,3.82
116.561,39.8771,0,0,0,0,0,0,0,0,2.81,3.42
116.221,39.9114,0,0,0,0,0,0,0,0,3.18,4.07
116.497,39.8842,0,0,0,0,0,0,0,0,1.38,3.82
116.221,39.9128,0,0,0,0,0,0,0,0,1.58,4.07
116.56,39.8791,0,0,0,0,0,0,0,0,2.61,3.37
116.497,39.8863,0,0,0,0,0,0,0,0,1.26,3.82
116.466,39.8897,0,1.38234e-17,1.18718e-16,3.82835e-17,1.16882e-19,2.14973e-19,4.53409e-22,3.62606e-17,0,0
116.466,39.8897,0,1.28965e-17,1.07915e-16,3.7926e-17,1.01725e-19,1.62207e-19,7.54298e-22,2.26409e-17,0,0
116.221,39.9143,0,0,0,0,0,0,0,0,1.63,4.07
116.221,39.9145,0,0,0,0,0,0,0,0,1.51,4.07
116.221,39.9151,0,0,0,0,0,0,0,0,1.43,4.01
116.56,39.8815,0,0,0,0,0,0,0,0,2.82,3.42
116.221,39.9159,0,0,0,0,0,0,0,0,1.69,4.1
116.56,39.8831,0,0,0,0,0,0,0,0,2.59,3.42
116.561,39.8832,0,0,0,0,0,0,0,0,2.58,3.86
116.221,39.9177,0,0,0,0,0,0,0,0,1.7,3.98
116.561,39.8839,0,0,0,0,0,0,0,0,2.46,3.86
116.221,39.9182,0,0,0,0,0,0,0,0,1.22,3.98
116.497,39.8907,0,0,0,0,0,0,0,0,2.12,3.79
116.221,39.9183,0,0,0,0,0,0,0,0,1.77,4.1
116.561,39.8848,0,0,0,0,0,0,0,0,2.52,3.42
116.497,39.8913,0,0,0,0,0,0,0,0,2.03,3.81
116.497,39.8915,0,0,0,0,0,0,0,0,1.72,3.79
116.221,39.9194,0,0,0,0,0,0,0,0,1.13,3.98
116.221,39.9194,0,0,0,0,0,0,0,0,1.19,3.99
116.562,39.8853,0,0,0,0,0,0,0,0,2.83,3.41
116.221,39.92,0,0,0,0,0,0,0,0,1.06,3.97
116.562,39.886,0,0,0,0,0,0,0,0,2.54,3.41
116.221,39.9203,0,0,0,0,0,0,0,0,1.11,3.79
116.221,39.9203,0,0,0,0,0,0,0,0,1.05,3.97
116.497,39.8927,0,0,0,0,0,0,0,0,1.53,3.81
116.497,39.8929,0,0,0,0,0,0,0,0,1.48,3.79
116.221,39.9206,0,0,0,0,0,0,0,0,1.03,3.79
116.562,39.8865,0,0,0,0,0,0,0,0,2.52,3.86
116.221,39.921,0,0,0,0,0,0,0,0,1.56,4.1
116.497,39.8938,0,0,0,0,0,0,0,0,1.17,3.84
116.221,39.9217,0,0,0,0,0,0,0,0,1.31,3.99
116.562,39.8882,0,0,0,0,0,0,0,0,2.71,3.45
116.562,39.8883,0,0,0,0,0,0,0,0,2.52,3.86
116.497,39.8955,0,0,0,0,0,0,0,0,1.3,3.75
116.497,39.8956,0,0,0,0,0,0,0,0,1.38,3.84
116.221,39.9234,0,0,0,0,0,0,0,0,1.48,3.79
116.221,39.9234,0,0,0,0,0,0,0,0,1.17,3.94
116.221,39.9235,0,0,0,0,0,0,0,0,1.33,4.04
116.561,39.8897,0,0,0,0,0,0,0,0,2.05,3.45
116.222,39.9241,0,0,0,0,0,0,0,0,1.53,4.07
116.562,39.8901,0,0,0,0,0,0,0,0,1.93,3.73
116.49,39.8974,0,0,0,0,0,0,0,0,1.415,3.76
116.222,39.9245,0,0,0,0,0,0,0,0,1.32,3.93
116.497,39.8969,0,0,0,0,0,0,0,0,2.05,3.84
116.497,39.8972,0,0,0,0,0,0,0,0,1.35,3.75
116.49,39.8978,0,0,0,0,0,0,0,0,1.26,3.74
116.49,39.8984,0,0,0,0,0,0,0,0,1.44,3.74
116.221,39.9255,0,0,0,0,0,0,0,0,1.22,3.94
116.221,39.9258,0,0,0,0,0,0,0,0,1.46,3.78
116.561,39.8918,0,0,0,0,0,0,0,0,4.73,3.85
116.49,39.899,0,0,0,0,0,0,0,0,1.21,3.63
116.392,39.909,0,0,0,0,0,0,0,0,2.045,3.725
116.359,39.9123,0,0,0,0,0,0,0,0,2.015,3.935
116.222,39.9261,0,0,0,0,0,0,0,0,1.46,3.92
116.222,39.9264,0,0,0,0,0,0,0,0,1.62,4.07
116.561,39.8926,0,0,0,0,0,0,0,0,5.2,3.85
116.526,39.8962,0,0,0,0,0,0,0,0,1.5,3.68
116.479,39.901,0,0,0,0,0,0,0,0,1.495,3.765
116.479,39.901,0,0,0,0,0,0,0,0,1.546,3.764
116.479,39.901,0,0,0,0,0,0,0,0,1.58667,3.77
116.479,39.901,0,0,0,0,0,0,0,0,1.455,3.74
116.221,39.927,0,0,0,0,0,0,0,0,1.55,4.04
116.497,39.8997,0,0,0,0,0,0,0,0,1.98,3.75
116.497,39.8999,0,0,0,0,0,0,0,0,2.55,3.83
116.221,39.9277,0,0,0,0,0,0,0,0,1.68,3.78
116.56,39.8937,0,0,0,0,0,0,0,0,4.36,3.36
116.223,39.9277,0,0,0,0,0,0,0,0,1.48,4.07
116.49,39.901,0,0,0,0,0,0,0,0,1.22,3.63
116.49,39.9011,0,0,0,0,0,0,0,0,1.465,3.535
116.49,39.9011,0,0,0,0,0,0,0,0,1.45,3.54
116.49,39.9011,0,0,0,0,0,0,0,0,1.48,3.54
116.49,39.9011,0,0,0,0,0,0,0,0,1.43,3.53
116.49,39.9011,0,0,0,0,0,0,0,0,1.47,3.52
116.49,39.9011,0,0,0,0,0,0,0,0,1.41,3.535
116.49,39.9011,0,0,0,0,0,0,0,0,1.73,3.78
116.49,39.9011,0,0,0,0,0,0,0,0,1.51,3.73
116.49,39.9012,0,0,0,0,0,0,0,0,1.5,3.52
116.49,39.9012,0,0,0,0,0,0,0,0,1.38,3.59
116.49,39.9012,0,0,0,0,0,0,0,0,1.515,3.6975
116.49,39.9012,0,0,0,0,0,0,0,0,1.486,3.664
116.49,39.9012,0,0,0,0,0,0,0,0,1.59333,3.60667
116.49,39.9012,0,0,0,0,0,0,0,0,1.48,3.5
116.49,39.9012,0,0,0,0,0,0,0,0,1.39,3.554
116.49,39.9013,0,0,0,0,0,0,0,0,1.455,4.05
116.49,39.9013,0,0,0,0,0,0,0,0,1.405,3.84
116.49,39.9013,0,0,0,0,0,0,0,0,1.575,3.73
116.49,39.9013,0,0,0,0,0,0,0,0,1.6,3.53
116.49,39.9013,0,0,0,0,0,0,0,0,1.51,4.05
116.49,39.9013,0,0,0,0,0,0,0,0,1.445,3.93
116.49,39.9013,0,0,0,0,0,0,0,0,1.28,3.53
116.49,39.9013,0,0,0,0,0,0,0,0,1.72,3.53
116.561,39.8942,0,0,0,0,0,0,0,0,3.37,3.73
116.222,39.9285,0,0,0,0,0,0,0,0,1.42,4
116.221,39.9286,0,0,0,0,0,0,0,0,1.26,3.78
116.223,39.9286,0,0,0,0,0,0,0,0,1.56,3.83
116.221,39.9287,0,0,0,0,0,0,0,0,1.25,3.94
116.497,39.9012,0,0,0,0,0,0,0,0,2.14,3.83
116.497,39.9015,0,0,0,0,0,0,0,0,3.59,3.74
116.561,39.8952,0,0,0,0,0,0,0,0,3.75,3.85
116.49,39.9023,0,0,0,0,0,0,0,0,2.3,3.63
116.49,39.9032,0,0,0,0,0,0,0,0,2.8,3.63
116.222,39.9301,0,0,0,0,0,0,0,0,1.33,4
116.481,39.9046,0,0,0,0,0,0,0,0,1.77,3.68
116.561,39.8966,0,0,0,0,0,0,0,0,4.02,3.75
116.221,39.9308,0,0,0,0,0,0,0,0,1.66,3.93
116.56,39.8968,0,0,0,0,0,0,0,0,2.89,3.44
116.497,39.9032,0,0,0,0,0,0,0,0,2.49,3.74
116.484,39.9046,0,0,0,0,0,0,0,0,4.96,3.7
116.484,39.9046,0,0,0,0,0,0,0,0,1.55,3.7
116.356,39.9175,0,0,0,0,0,0,0,0,1.68,3.81
116.56,39.8971,0,0,0,0,0,0,0,0,2.65,3.85
116.222,39.9311,0,0,0,0,0,0,0,0,1.38,3.92
116.488,39.9046,0,0,0,0,0,0,0,0,1.53,3.7
116.525,39.901,0,0,0,0,0,0,0,0,3.18,3.705
116.224,39.9314,0,0,0,0,0,0,0,0,1.3,4.02
116.49,39.9047,0,0,0,0,0,0,0,0,2.13,3.68
116.491,39.9047,0,0,0,0,0,0,0,0,2.43,3.66
116.493,39.9047,0,0,0,0,0,0,0,0,1.33,3.66
116.494,39.9047,0,0,0,0,0,0,0,0,1.45,3.61
116.497,39.9048,0,0,0,0,0,0,0,0,3.15,3.61
116.497,39.9048,0,0,0,0,0,0,0,0,1.68,3.6
116.498,39.9048,0,0,0,0,0,0,0,0,2.37,3.6
116.497,39.905,0,0,0,0,0,0,0,0,4.38,3.74
116.499,39.9048,0,0,0,0,0,0,0,0,1.96,3.61
116.224,39.9324,0,0,0,0,0,0,0,0,1.56,4.02
116.56,39.8988,0,0,0,0,0,0,0,0,2.42,3.8
116.5,39.9048,0,0,0,0,0,0,0,0,1.76,3.59
116.501,39.9048,0,0,0,0,0,0,0,0,2.34,3.59
116.501,39.9048,0,0,0,0,0,0,0,0,2.19,3.59
116.502,39.9048,0,0,0,0,0,0,0,0,2.01,3.62
116.502,39.9048,0,0,0,0,0,0,0,0,2,3.57
116.503,39.9048,0,0,0,0,0,0,0,0,2.45,3.57
116.56,39.8992,0,0,0,0,0,0,0,0,2.32,3.44
116.503,39.9049,0,0,0,0,0,0,0,0,1.68,3.62
116.504,39.9049,0,0,0,0,0,0,0,0,1.66,3.57
116.506,39.9049,0,0,0,0,0,0,0,0,1.44,3.53
116.222,39.9334,0,0,0,0,0,0,0,0,1.22,3.92
116.507,39.9049,0,0,0,0,0,0,0,0,1.65,3.6
116.222,39.9336,0,0,0,0,0,0,0,0,1.96,3.99
116.508,39.905,0,0,0,0,0,0,0,0,1.25,3.53
116.221,39.9338,0,0,0,0,0,0,0,0,1.68,3.93
116.51,39.905,0,0,0,0,0,0,0,0,1.16,3.53
116.561,39.9001,0,0,0,0,0,0,0,0,5.03,3.75
116.513,39.905,0,0,0,0,0,0,0,0,1.43,3.5
116.222,39.9344,0,0,0,0,0,0,0,0,1.4,3.92
116.559,39.9006,0,0,0,0,0,0,0,0,2.77,3.4
116.516,39.905,0,0,0,0,0,0,0,0,2.36,3.5
116.223,39.9344,0,0,0,0,0,0,0,0,1.56,3.99
116.518,39.9051,0,0,0,0,0,0,0,0,1.53,3.5
116.52,39.905,0,0,0,0,0,0,0,0,2.46,3.45
116.52,39.9051,0,0,0,0,0,0,0,0,2.32,3.42
116.522,39.9051,0,0,0,0,0,0,0,0,2.67,3.42
116.223,39.935,0,0,0,0,0,0,0,0,1.65,3.92
116.522,39.905,0,0,0,0,0,0,0,0,2.82,3.45
116.497,39.9076,0,0,0,0,0,0,0,0,1.58,3.83
116.229,39.9345,0,0,0,0,0,0,0,0,2.11,3.99
116.525,39.905,0,0,0,0,0,0,0,0,3.3,3.45
116.497,39.9078,0,0,0,0,0,0,0,0,1.63,3.76
116.526,39.905,0,0,0,0,0,0,0,0,1.54,3.46
116.231,39.9346,0,0,0,0,0,0,0,0,1.36,3.99
116.56,39.9017,0,0,0,0,0,0,0,0,2.65,3.8
116.528,39.9049,0,0,0,0,0,0,0,0,1.43,3.46
116.231,39.9347,0,0,0,0,0,0,0,0,1.55,3.96
116.529,39.9049,0,0,0,0,0,0,0,0,1.68,3.44
116.234,39.9346,0,0,0,0,0,0,0,0,1.25,4.04
116.532,39.9049,0,0,0,0,0,0,0,0,6.03,3.44
116.237,39.9345,0,0,0,0,0,0,0,0,1.46,3.88
116.384,39.9197,0,0,0,0,0,0,0,0,1.625,3.67
116.237,39.9346,0,0,0,0,0,0,0,0,1.53,3.99
116.236,39.9347,0,0,0,0,0,0,0,0,1.7,4.04
116.237,39.9346,0,0,0,0,0,0,0,0,1.51,3.99
116.237,39.9346,0,0,0,0,0,0,0,0,1.45,3.88
116.534,39.9049,0,0,0,0,0,0,0,0,1.75,3.39
116.385,39.9198,0,0,0,0,0,0,0,0,2.195,3.74
116.238,39.9347,0,0,0,0,0,0,0,0,1.44,3.89
116.497,39.9087,0,0,0,0,0,0,0,0,1.83,3.83
116.238,39.9347,0,0,0,0,0,0,0,0,1.35,3.96
116.24,39.9347,0,0,0,0,0,0,0,0,1.3,3.96
116.223,39.9365,0,0,0,0,0,0,0,0,1.89,3.99
116.223,39.9366,0,0,0,0,0,0,0,0,1.97,3.92
116.238,39.9354,0,0,0,0,0,0,0,0,1.91,3.89
116.546,39.9046,0,0,0,0,0,0,0,0,1.64,3.45
116.551,39.9042,0,0,0,0,0,0,0,0,2.67,3.45
116.547,39.9047,0,0,0,0,0,0,0,0,1.62,3.45
116.551,39.9045,0,0,0,0,0,0,0,0,1.53,3.45
116.55,39.9046,0,0,0,0,0,0,0,0,1.55,3.45
116.553,39.9044,0,0,0,0,0,0,0,0,3.78,3.45
116.559,39.9038,0,0,0,0,0,0,0,0,2.38,3.8
116.239,39.9363,0,0,0,0,0,0,0,0,2.235,3.89
116.497,39.9105,0,0,0,0,0,0,0,0,1.47,3.83
116.24,39.9364,0,0,0,0,0,0,0,0,1.8,3.89
116.241,39.9363,0,0,0,0,0,0,0,0,2.92,3.83
116.241,39.9363,0,0,0,0,0,0,0,0,2.71,3.84
116.241,39.9363,0,0,0,0,0,0,0,0,2.93,3.84
116.24,39.9364,0,0,0,0,0,0,0,0,2.81,3.9
116.241,39.9363,0,0,0,0,0,0,0,0,2.64,3.83
116.241,39.9364,0,0,0,0,0,0,0,0,2.56,3.88
116.241,39.9364,0,0,0,0,0,0,0,0,2.785,3.855
116.24,39.9365,0,0,0,0,0,0,0,0,2.28,3.9
116.238,39.9367,0,0,0,0,0,0,0,0,1.68,3.89
116.241,39.9365,0,0,0,0,0,0,0,0,2.66,3.9
116.241,39.9365,0,0,0,0,0,0,0,0,3.12,3.88
116.239,39.9367,0,0,0,0,0,0,0,0,1.83,3.95
116.238,39.937,0,0,0,0,0,0,0,0,1.85,3.89
116.238,39.937,0,0,0,0,0,0,0,0,2.04,3.95
116.223,39.9385,0,0,0,0,0,0,0,0,1.52,4.01
116.239,39.937,0,0,0,0,0,0,0,0,2.39,3.95
116.497,39.9117,0,0,0,0,0,0,0,0,3.46,3.76
116.223,39.9393,0,0,0,0,0,0,0,0,1.7,3.92
116.559,39.9059,0,0,0,0,0,0,0,0,2.96,3.81
116.223,39.9404,0,0,0,0,0,0,0,0,2.19,4.01
116.223,39.9411,0,0,0,0,0,0,0,0,1.67,3.96
116.222,39.9414,0,0,0,0,0,0,0,0,1.34,4.05
116.497,39.9146,0,0,0,0,0,0,0,0,1.76,3.76
116.497,39.9146,0,0,0,0,0,0,0,0,2.35,3.84
116.558,39.909,0,0,0,0,0,0,0,0,1.63,3.81
116.497,39.9155,0,0,0,0,0,0,0,0,1.66,3.83
116.222,39.9431,0,0,0,0,0,0,0,0,1.63,3.87
116.223,39.9431,0,0,0,0,0,0,0,0,1.53,3.96
116.556,39.9102,0,0,0,0,0,0,0,0,3.53,3.9
116.223,39.9438,0,0,0,0,0,0,0,0,1.35,4.01
116.558,39.9109,0,0,0,0,0,0,0,0,2.87,3.81
116.497,39.9176,0,0,0,0,0,0,0,0,1.41,3.84
116.223,39.9451,0,0,0,0,0,0,0,0,1.35,3.96
116.222,39.9457,0,0,0,0,0,0,0,0,1.36,4.01
116.222,39.946,0,0,0,0,0,0,0,0,1.53,3.87
116.223,39.9463,0,0,0,0,0,0,0,0,1.79,3.96
116.558,39.9128,0,0,0,0,0,0,0,0,2.33,3.87
116.555,39.9132,0,0,0,0,0,0,0,0,1.63,3.9
116.497,39.9193,0,0,0,0,0,0,0,0,1.5,3.77
116.222,39.9479,0,0,0,0,0,0,0,0,2.68,4.05
116.223,39.9479,0,0,0,0,0,0,0,0,1.71,3.84
116.222,39.9481,0,0,0,0,0,0,0,0,1.84,3.87
116.223,39.9486,0,0,0,0,0,0,0,0,1.66,3.92
116.497,39.9211,0,0,0,0,0,0,0,0,2.17,3.77
116.497,39.9227,0,0,0,0,0,0,0,0,3.06,3.77
116.555,39.9172,0,0,0,0,0,0,0,0,2.19,3.89
116.222,39.9507,0,0,0,0,0,0,0,0,1.33,4.05
116.497,39.9233,0,0,0,0,0,0,0,0,2.09,3.77
116.557,39.9175,0,0,0,0,0,0,0,0,3.88,3.87
116.223,39.9511,0,0,0,0,0,0,0,0,1.6,4.04
116.223,39.9511,0,0,0,0,0,0,0,0,1.22,3.84
116.497,39.924,0,0,0,0,0,0,0,0,2.73,3.64
116.222,39.9526,0,0,0,0,0,0,0,0,2.52,3.86
116.223,39.9529,0,0,0,0,0,0,0,0,2.1,4.04
116.497,39.9255,0,0,0,0,0,0,0,0,1.96,3.77
116.497,39.9262,0,0,0,0,0,0,0,0,4.29,3.77
116.497,39.9265,0,0,0,0,0,0,0,0,5.77,3.74
116.222,39.9541,0,0,0,0,0,0,0,0,3.16,3.86
116.554,39.921,0,0,0,0,0,0,0,0,1.74,3.89
116.223,39.9545,0,0,0,0,0,0,0,0,1.8,4.04
116.497,39.9271,0,0,0,0,0,0,0,0,2.58,3.74
116.554,39.9219,0,0,0,0,0,0,0,0,1.61,3.85
116.496,39.9281,0,0,0,0,0,0,0,0,2.59,3.74
116.223,39.9558,0,0,0,0,0,0,0,0,1.65,4.03
116.223,39.9563,0,0,0,0,0,0,0,0,2.79,4.04
116.497,39.9294,0,0,0,0,0,0,0,0,2.21,3.67
116.223,39.9576,0,0,0,0,0,0,0,0,2.62,4.03
116.554,39.9245,0,0,0,0,0,0,0,0,1.94,3.85
116.497,39.9306,0,0,0,0,0,0,0,0,3.56,3.67
116.225,39.959,0,0,0,0,0,0,0,0,1.94,3.95
116.229,39.959,0,0,0,0,0,0,0,0,1.47,3.82
116.553,39.9267,0,0,0,0,0,0,0,0,3.03,3.81
116.225,39.9601,0,0,0,0,0,0,0,0,2.33,4.03
116.497,39.9331,0,0,0,0,0,0,0,0,2.89,3.79
116.226,39.9608,0,0,0,0,0,0,0,0,1.57,3.95
116.552,39.9283,0,0,0,0,0,0,0,0,1.84,3.87
116.23,39.9608,0,0,0,0,0,0,0,0,1.53,3.88
116.553,39.9288,0,0,0,0,0,0,0,0,2.9,3.81
116.226,39.9617,0,0,0,0,0,0,0,0,1.21,4.03
116.553,39.9291,0,0,0,0,0,0,0,0,2.57,3.81
116.552,39.9295,0,0,0,0,0,0,0,0,1.45,3.87
116.497,39.9352,0,0,0,0,0,0,0,0,2.32,3.79
116.227,39.9623,0,0,0,0,0,0,0,0,1.31,3.95
116.553,39.9298,0,0,0,0,0,0,0,0,4.28,3.95
116.553,39.9303,0,0,0,0,0,0,0,0,3.15,3.95
116.23,39.9627,0,0,0,0,0,0,0,0,1.63,3.99
116.23,39.9629,0,0,0,0,0,0,0,0,2.17,3.88
116.227,39.9634,0,0,0,0,0,0,0,0,1.21,4.01
116.552,39.9308,0,0,0,0,0,0,0,0,1.57,3.87
116.553,39.9308,0,0,0,0,0,0,0,0,3.11,3.95
116.23,39.9635,0,0,0,0,0,0,0,0,1.63,3.99
116.497,39.9372,0,0,0,0,0,0,0,0,1.68,3.76
116.553,39.9318,0,0,0,0,0,0,0,0,3,3.95
116.553,39.9323,0,0,0,0,0,0,0,0,3.88,3.95
116.228,39.9652,0,0,0,0,0,0,0,0,1.52,3.82
116.231,39.9651,0,0,0,0,0,0,0,0,2.56,3.88
116.552,39.9336,0,0,0,0,0,0,0,0,1.4,3.93
116.228,39.9662,0,0,0,0,0,0,0,0,1.6,4.01
116.23,39.9663,0,0,0,0,0,0,0,0,2.03,4.04
116.497,39.9399,0,0,0,0,0,0,0,0,1.51,3.76
116.552,39.9348,0,0,0,0,0,0,0,0,1.68,3.93
116.497,39.9413,0,0,0,0,0,0,0,0,2.24,3.73
116.231,39.968,0,0,0,0,0,0,0,0,2.65,4.04
116.552,39.9358,0,0,0,0,0,0,0,0,1.73,3.93
116.497,39.9414,0,0,0,0,0,0,0,0,1.98,3.63
116.231,39.9681,0,0,0,0,0,0,0,0,2.33,4.01
116.552,39.9367,0,0,0,0,0,0,0,0,1.95,3.92
116.497,39.9423,0,0,0,0,0,0,0,0,2.78,3.73
116.497,39.9425,0,0,0,0,0,0,0,0,2.56,3.63
116.552,39.9379,0,0,0,0,0,0,0,0,3.58,3.92
116.231,39.9701,0,0,0,0,0,0,0,0,1.73,4.01
116.231,39.9706,0,0,0,0,0,0,0,0,1.8,4.04
116.552,39.9384,0,0,0,0,0,0,0,0,2.09,3.92
116.552,39.939,0,0,0,0,0,0,0,0,1.56,3.89
116.232,39.9713,0,0,0,0,0,0,0,0,1.49,4.01
116.552,39.9395,0,0,0,0,0,0,0,0,2.04,3.89
116.497,39.9453,0,0,0,0,0,0,0,0,2.04,3.75
116.552,39.9401,0,0,0,0,0,0,0,0,2.89,3.89
116.232,39.9723,0,0,0,0,0,0,0,0,1.88,4.07
116.232,39.9723,0,0,0,0,0,0,0,0,1.35,4.01
116.552,39.9407,0,0,0,0,0,0,0,0,2.2,3.93
116.551,39.941,0,0,0,0,0,0,0,0,1.77,3.93
116.552,39.9413,0,0,0,0,0,0,0,0,1.77,3.93
116.497,39.947,0,0,0,0,0,0,0,0,2.47,3.63
116.551,39.9418,0,0,0,0,0,0,0,0,2.18,3.93
116.234,39.9737,0,0,0,0,0,0,0,0,1.75,3.96
116.232,39.974,0,0,0,0,0,0,0,0,1.7,4.07
116.551,39.9425,0,0,0,0,0,0,0,0,1.87,3.93
116.552,39.9425,0,0,0,0,0,0,0,0,2.08,3.93
116.497,39.9482,0,0,0,0,0,0,0,0,2.54,3.75
116.551,39.943,0,0,0,0,0,0,0,0,2.14,3.93
116.551,39.9434,0,0,0,0,0,0,0,0,3.14,3.7
116.551,39.9438,0,0,0,0,0,0,0,0,1.87,3.9
116.497,39.9496,0,0,0,0,0,0,0,0,2.4,3.73
116.551,39.9446,0,0,0,0,0,0,0,0,1.81,3.9
116.232,39.9765,0,0,0,0,0,0,0,0,1.31,4.07
116.497,39.9501,0,0,0,0,0,0,0,0,1.8,3.75
116.551,39.9447,0,0,0,0,0,0,0,0,3.16,3.7
116.551,39.9452,0,0,0,0,0,0,0,0,2.18,3.9
116.551,39.9454,0,0,0,0,0,0,0,0,2.73,3.9
116.234,39.9772,0,0,0,0,0,0,0,0,2.29,4.01
116.233,39.9776,0,0,0,0,0,0,0,0,1.65,4.01
116.551,39.9461,0,0,0,0,0,0,0,0,4.15,3.9
116.235,39.9777,0,0,0,0,0,0,0,0,1.62,3.96
116.551,39.9464,0,0,0,0,0,0,0,0,3.17,3.9
116.235,39.9782,0,0,0,0,0,0,0,0,2.06,4.01
116.551,39.9465,0,0,0,0,0,0,0,0,1.97,3.77
116.233,39.9787,0,0,0,0,0,0,0,0,2.53,3.99
116.497,39.9523,0,0,0,0,0,0,0,0,2.82,3.69
116.55,39.9473,0,0,0,0,0,0,0,0,2.31,3.92
116.551,39.9474,0,0,0,0,0,0,0,0,1.77,3.77
116.233,39.9796,0,0,0,0,0,0,0,0,2.42,4.01
116.551,39.9482,0,0,0,0,0,0,0,0,1.76,3.77
116.235,39.9805,0,0,0,0,0,0,0,0,1.9,4.01
116.55,39.9491,0,0,0,0,0,0,0,0,2.74,3.92
116.551,39.949,0,0,0,0,0,0,0,0,1.52,3.92
116.551,39.9493,0,0,0,0,0,0,0,0,1.78,3.92
116.304,39.9742,0,0,0,0,0,0,0,0,1.45,3.58
116.305,39.9742,0,0,0,0,0,0,0,0,1.6,3.58
116.305,39.9742,0,0,0,0,0,0,0,0,2.29,3.66
116.305,39.9742,0,0,0,0,0,0,0,0,2.69,3.58
116.55,39.9498,0,0,0,0,0,0,0,0,3.11,3.92
116.306,39.9743,0,0,0,0,0,0,0,0,1.23,3.66
116.233,39.9817,0,0,0,0,0,0,0,0,1.44,4
116.55,39.9502,0,0,0,0,0,0,0,0,3.63,3.94
116.308,39.9745,0,0,0,0,0,0,0,0,1.14,3.66
116.551,39.9501,0,0,0,0,0,0,0,0,2.53,3.92
116.308,39.9747,0,0,0,0,0,0,0,0,1.7,3.66
116.303,39.9753,0,0,0,0,0,0,0,0,1.44,3.51
116.55,39.9506,0,0,0,0,0,0,0,0,3.07,3.94
116.308,39.9751,0,0,0,0,0,0,0,0,1.59,3.66
116.551,39.9509,0,0,0,0,0,0,0,0,2.85,3.93
116.303,39.9757,0,0,0,0,0,0,0,0,1.46,3.51
116.55,39.9511,0,0,0,0,0,0,0,0,2.7,3.94
116.551,39.9515,0,0,0,0,0,0,0,0,1.85,3.93
116.497,39.9569,0,0,0,0,0,0,0,0,5.52,3.69
116.308,39.976,0,0,0,0,0,0,0,0,1.59,3.66
116.236,39.9832,0,0,0,0,0,0,0,0,1.52,4
116.549,39.9521,0,0,0,0,0,0,0,0,2.9,3.92
116.236,39.9837,0,0,0,0,0,0,0,0,1.48,4.01
116.308,39.9765,0,0,0,0,0,0,0,0,1.46,3.69
116.234,39.9838,0,0,0,0,0,0,0,0,1.91,3.96
116.308,39.9765,0,0,0,0,0,0,0,0,1.45,3.53
116.308,39.9765,0,0,0,0,0,0,0,0,1.43,3.5575
116.308,39.9766,0,0,0,0,0,0,0,0,1.53333,3.51
116.308,39.9766,0,0,0,0,0,0,0,0,1.435,3.66
116.308,39.9766,0,0,0,0,0,0,0,0,1.44,3.57333
116.308,39.9766,0,0,0,0,0,0,0,0,1.48,3.52
116.308,39.9769,0,0,0,0,0,0,0,0,1.73,3.51
116.549,39.9527,0,0,0,0,0,0,0,0,2.58,3.92
116.497,39.9581,0,0,0,0,0,0,0,0,4.8,3.79
116.549,39.9529,0,0,0,0,0,0,0,0,2.54,3.95
116.307,39.9772,0,0,0,0,0,0,0,0,1.73,3.51
116.497,39.9588,0,0,0,0,0,0,0,0,4.4,3.84
116.236,39.9851,0,0,0,0,0,0,0,0,1.5,4
116.548,39.9538,0,0,0,0,0,0,0,0,1.6,3.95
116.308,39.978,0,0,0,0,0,0,0,0,1.98,3.51
116.236,39.9856,0,0,0,0,0,0,0,0,1.33,4.05
116.496,39.9598,0,0,0,0,0,0,0,0,4.48,3.79
116.548,39.9547,0,0,0,0,0,0,0,0,2.22,3.95
116.307,39.9789,0,0,0,0,0,0,0,0,1.54,3.51
116.301,39.9796,0,0,0,0,0,0,0,0,2.59,3.67
116.301,39.9797,0,0,0,0,0,0,0,0,2.59,3.64
116.301,39.9797,0,0,0,0,0,0,0,0,2.49,3.67
116.301,39.9797,0,0,0,0,0,0,0,0,2.48,3.61
116.307,39.9793,0,0,0,0,0,0,0,0,1.4,3.58
116.307,39.9793,0,0,0,0,0,0,0,0,1.37333,3.55333
116.307,39.9793,0,0,0,0,0,0,0,0,1.38,3.56667
116.307,39.9794,0,0,0,0,0,0,0,0,1.355,3.555
116.301,39.98,0,0,0,0,0,0,0,0,2.83,3.61
116.307,39.9793,0,0,0,0,0,0,0,0,1.418,3.536
116.307,39.9794,0,0,0,0,0,0,0,0,1.404,3.56
116.307,39.9794,0,0,0,0,0,0,0,0,1.385,3.556
116.307,39.9794,0,0,0,0,0,0,0,0,1.384,3.546
116.307,39.9794,0,0,0,0,0,0,0,0,1.43,3.51
116.307,39.9794,0,0,0,0,0,0,0,0,1.40611,3.585
116.307,39.9794,0,0,0,0,0,0,0,0,1.38,3.54
116.308,39.9794,0,0,0,0,0,0,0,0,1.405,3.5125
116.307,39.9795,0,0,0,0,0,0,0,0,1.385,3.53
116.307,39.9794,0,0,0,0,0,0,0,0,1.37625,3.53125
116.307,39.9794,0,0,0,0,0,0,0,0,1.34286,3.59
116.307,39.9794,0,0,0,0,0,0,0,0,1.41917,3.55917
116.308,39.9794,0,0,0,0,0,0,0,0,1.38,3.54
116.307,39.9795,0,0,0,0,0,0,0,0,1.41,3.515
116.307,39.9795,0,0,0,0,0,0,0,0,1.43667,3.51667
116.307,39.9795,0,0,0,0,0,0,0,0,1.405,3.57
116.307,39.9795,0,0,0,0,0,0,0,0,1.391,3.578
116.307,39.9796,0,0,0,0,0,0,0,0,1.39,3.555
116.307,39.9796,0,0,0,0,0,0,0,0,1.35,3.565
116.308,39.9795,0,0,0,0,0,0,0,0,1.48,3.61
116.307,39.9796,0,0,0,0,0,0,0,0,1.3975,3.4975
116.307,39.9796,0,0,0,0,0,0,0,0,1.42,3.65
116.307,39.9796,0,0,0,0,0,0,0,0,1.39,3.48
116.307,39.9796,0,0,0,0,0,0,0,0,1.42,3.49
116.307,39.9796,0,0,0,0,0,0,0,0,1.38,3.65
116.307,39.9797,0,0,0,0,0,0,0,0,1.29,3.59
116.497,39.9607,0,0,0,0,0,0,0,0,3.22,3.84
116.307,39.9797,0,0,0,0,0,0,0,0,1.335,3.59
116.547,39.956,0,0,0,0,0,0,0,0,2.45,3.93
116.308,39.9803,0,0,0,0,0,0,0,0,1.55,3.65
116.301,39.9812,0,0,0,0,0,0,0,0,2.38,3.58
116.496,39.9617,0,0,0,0,0,0,0,0,4.61,3.84
116.236,39.988,0,0,0,0,0,0,0,0,1.59,4.05
116.308,39.9809,0,0,0,0,0,0,0,0,1.97,3.65
116.237,39.988,0,0,0,0,0,0,0,0,1.36,3.96
116.3,39.9817,0,0,0,0,0,0,0,0,2.42,3.58
116.308,39.9811,0,0,0,0,0,0,0,0,2.04,3.63
116.308,39.9811,0,0,0,0,0,0,0,0,1.76,3.63
116.308,39.9811,0,0,0,0,0,0,0,0,1.79,3.63
116.308,39.9812,0,0,0,0,0,0,0,0,1.84,3.58
116.546,39.958,0,0,0,0,0,0,0,0,2.04,3.93
116.308,39.9823,0,0,0,0,0,0,0,0,1.54,3.58
116.497,39.9636,0,0,0,0,0,0,0,0,4.52,3.84
116.546,39.9589,0,0,0,0,0,0,0,0,2.36,3.89
116.237,39.9901,0,0,0,0,0,0,0,0,1.19,3.96
116.308,39.9832,0,0,0,0,0,0,0,0,1.41,3.58
116.545,39.9594,0,0,0,0,0,0,0,0,2.19,3.98
116.237,39.9904,0,0,0,0,0,0,0,0,1.41,4.05
116.302,39.9844,0,0,0,0,0,0,0,0,1.34,3.61
116.556,39.9591,0,0,0,0,0,0,0,0,2.47,3.93
116.304,39.9844,0,0,0,0,0,0,0,0,1.58,3.67
116.368,39.978,0,0,0,0,0,0,0,0,2.63333,3.72667
116.304,39.9844,0,0,0,0,0,0,0,0,1.67,3.6
116.304,39.9845,0,0,0,0,0,0,0,0,1.74,3.6
116.307,39.9841,0,0,0,0,0,0,0,0,1.53,3.57
116.305,39.9845,0,0,0,0,0,0,0,0,1.99,3.6
116.305,39.9846,0,0,0,0,0,0,0,0,2.9,3.47
116.305,39.9846,0,0,0,0,0,0,0,0,2.605,3.47
116.506,39.9645,0,0,0,0,0,0,0,0,4.69,3.84
116.306,39.9846,0,0,0,0,0,0,0,0,1.52,3.6
116.306,39.9846,0,0,0,0,0,0,0,0,2.61,3.48
116.307,39.9846,0,0,0,0,0,0,0,0,2.17,3.6
116.307,39.9846,0,0,0,0,0,0,0,0,1.91,3.48
116.308,39.9846,0,0,0,0,0,0,0,0,1.63,3.57
116.308,39.9846,0,0,0,0,0,0,0,0,1.11,3.6
116.309,39.9846,0,0,0,0,0,0,0,0,1.38,3.6
116.308,39.9846,0,0,0,0,0,0,0,0,1.74,3.57
116.308,39.9847,0,0,0,0,0,0,0,0,1.43,3.48
116.309,39.9847,0,0,0,0,0,0,0,0,2.14,3.7
116.31,39.9846,0,0,0,0,0,0,0,0,2.32,3.58
116.31,39.9847,0,0,0,0,0,0,0,0,1.45,3.7
116.31,39.9847,0,0,0,0,0,0,0,0,1.26,3.55
116.31,39.9847,0,0,0,0,0,0,0,0,2.04,3.7
116.311,39.9847,0,0,0,0,0,0,0,0,2.02,3.58
116.311,39.9847,0,0,0,0,0,0,0,0,2.12,3.58
116.311,39.9847,0,0,0,0,0,0,0,0,1.47,3.7
116.311,39.9848,0,0,0,0,0,0,0,0,2.135,3.6
116.312,39.9847,0,0,0,0,0,0,0,0,1.87,3.61
116.238,39.9923,0,0,0,0,0,0,0,0,1.21,3.96
116.312,39.9848,0,0,0,0,0,0,0,0,2.42,3.69
116.312,39.9849,0,0,0,0,0,0,0,0,1.53,3.55
116.312,39.9848,0,0,0,0,0,0,0,0,1.91,3.65
116.555,39.9606,0,0,0,0,0,0,0,0,2.45,3.93
116.544,39.9616,0,0,0,0,0,0,0,0,2.37,3.98
116.237,39.9925,0,0,0,0,0,0,0,0,1.79,4
116.313,39.9848,0,0,0,0,0,0,0,0,1.5,3.69
116.314,39.9849,0,0,0,0,0,0,0,0,2.13,3.69
116.543,39.9622,0,0,0,0,0,0,0,0,2.77,3.98
116.315,39.9852,0,0,0,0,0,0,0,0,1.82,3.37
116.505,39.9665,0,0,0,0,0,0,0,0,5.26,3.84
116.553,39.9618,0,0,0,0,0,0,0,0,2.16,3.97
116.238,39.9937,0,0,0,0,0,0,0,0,1.34,3.92
116.505,39.9673,0,0,0,0,0,0,0,0,5.19,3.8
116.543,39.9638,0,0,0,0,0,0,0,0,2.76,3.99
116.551,39.9638,0,0,0,0,0,0,0,0,2.51,3.97
116.238,39.9953,0,0,0,0,0,0,0,0,1.18,3.97
116.237,39.996,0,0,0,0,0,0,0,0,1.24,4
116.238,39.9962,0,0,0,0,0,0,0,0,1.26,3.92
116.55,39.9654,0,0,0,0,0,0,0,0,1.88,3.97
116.541,39.9663,0,0,0,0,0,0,0,0,3.27,3.99
116.238,39.9972,0,0,0,0,0,0,0,0,1.27,3.92
116.238,39.9971,0,0,0,0,0,0,0,0,1.21,3.97
116.502,39.9708,0,0,0,0,0,0,0,0,3.81,3.8
116.549,39.9667,0,0,0,0,0,0,0,0,2.49,3.89
116.5,39.9726,0,0,0,0,0,0,0,0,2.86,3.8
116.238,39.9992,0,0,0,0,0,0,0,0,1.24,3.97
116.238,39.9992,0,0,0,0,0,0,0,0,1.63,3.99
116.238,40,0,0,0,0,0,0,0,0,1.22,3.97
116.326,39.9921,0,0,0,0,0,0,0,0,1.78,3.37
116.327,39.9921,0,0,0,0,0,0,0,0,1.62,3.37
116.327,39.9922,0,0,0,0,0,0,0,0,1.68,3.37
116.33,39.9921,0,0,0,0,0,0,0,0,1.17,3.41
116.238,40.0013,0,0,0,0,0,0,0,0,1.58,3.99
116.33,39.9922,0,0,0,0,0,0,0,0,2.01,3.39
116.332,39.9921,0,0,0,0,0,0,0,0,1.47,3.41
116.33,39.9923,0,0,0,0,0,0,0,0,1.31,3.42
116.496,39.9757,0,0,0,0,0,0,0,0,2.36,3.82
116.332,39.9924,0,0,0,0,0,0,0,0,1.42,3.42
116.335,39.9921,0,0,0,0,0,0,0,0,1.3,3.44
116.333,39.9924,0,0,0,0,0,0,0,0,1.56,3.54
116.333,39.9924,0,0,0,0,0,0,0,0,1.84,3.54
116.335,39.9923,0,0,0,0,0,0,0,0,1.495,3.49
116.338,39.9922,0,0,0,0,0,0,0,0,1.47,3.44
116.488,39.9773,0,0,0,0,0,0,0,0,1.41,3.83
116.34,39.9922,0,0,0,0,0,0,0,0,1.45,3.42
116.488,39.9774,0,0,0,0,0,0,0,0,1.42,3.83
116.338,39.9925,0,0,0,0,0,0,0,0,1.2,3.58
116.338,39.9925,0,0,0,0,0,0,0,0,1.13,3.58
116.341,39.9926,0,0,0,0,0,0,0,0,1.51,3.58
116.342,39.9926,0,0,0,0,0,0,0,0,1.81,3.69
116.494,39.9776,0,0,0,0,0,0,0,0,2.73,3.82
116.239,40.0033,0,0,0,0,0,0,0,0,1.37,3.99
116.346,39.9927,0,0,0,0,0,0,0,0,2.02,3.69
116.347,39.9928,0,0,0,0,0,0,0,0,1.26,3.69
116.24,40.0037,0,0,0,0,0,0,0,0,1.36,3.96
116.35,39.9929,0,0,0,0,0,0,0,0,1.33,3.75
116.23,40.005,0,0,0,0,0,0,0,0,1.41,4.05
116.492,39.9789,0,0,0,0,0,0,0,0,2.35,3.82
116.484,39.9801,0,0,0,0,0,0,0,0,1.64,3.77
116.35,39.9935,0,0,0,0,0,0,0,0,3.26,3.76
116.24,40.0049,0,0,0,0,0,0,0,0,1.43,3.99
116.353,39.9937,0,0,0,0,0,0,0,0,1.98,3.76
116.482,39.9811,0,0,0,0,0,0,0,0,1.97,3.77
116.482,39.9814,0,0,0,0,0,0,0,0,2.07,3.77
116.358,39.9938,0,0,0,0,0,0,0,0,1.75,3.76
116.481,39.9817,0,0,0,0,0,0,0,0,1.73,3.77
116.232,40.0068,0,0,0,0,0,0,0,0,1.37,4.05
116.481,39.9819,0,0,0,0,0,0,0,0,1.74,3.77
116.364,39.9941,0,0,0,0,0,0,0,0,1.87,3.76
116.48,39.9826,0,0,0,0,0,0,0,0,2.29,3.72
116.232,40.0075,0,0,0,0,0,0,0,0,1.39,4.05
116.531,39.9778,0,0,0,0,0,0,0,0,2.68,3.82
116.368,39.9943,0,0,0,0,0,0,0,0,2.91,3.74
116.233,40.0078,0,0,0,0,0,0,0,0,1.37,4.05
116.479,39.9832,0,0,0,0,0,0,0,0,2.59,3.72
116.369,39.9944,0,0,0,0,0,0,0,0,3.58,3.74
116.367,39.9946,0,0,0,0,0,0,0,0,2.54,3.76
116.479,39.9835,0,0,0,0,0,0,0,0,2.2,3.72
116.369,39.9947,0,0,0,0,0,0,0,0,2.5,3.76
116.478,39.9839,0,0,0,0,0,0,0,0,1.65,3.8
116.373,39.9946,0,0,0,0,0,0,0,0,4.17,3.76
116.372,39.9948,0,0,0,0,0,0,0,0,1.17,3.72
116.235,40.0088,0,0,0,0,0,0,0,0,2.02,4.05
116.235,40.0088,0,0,0,0,0,0,0,0,1.5,3.94
116.374,39.9949,0,0,0,0,0,0,0,0,1.19,3.72
116.477,39.9846,0,0,0,0,0,0,0,0,1.84,3.8
116.476,39.985,0,0,0,0,0,0,0,0,2.07,3.8
116.476,39.9854,0,0,0,0,0,0,0,0,1.97,3.79
116.529,39.9802,0,0,0,0,0,0,0,0,2.43,3.82
116.257,40.0076,0,0,0,0,0,0,0,0,1.97,3.9
116.475,39.9859,0,0,0,0,0,0,0,0,1.65,3.79
116.238,40.0097,0,0,0,0,0,0,0,0,1.7,3.94
116.38,39.9955,0,0,0,0,0,0,0,0,2.29,3.75
116.237,40.0098,0,0,0,0,0,0,0,0,1.5,4.05
116.257,40.0079,0,0,0,0,0,0,0,0,1.57,3.94
116.385,39.9955,0,0,0,0,0,0,0,0,2.22,3.7
116.473,39.9868,0,0,0,0,0,0,0,0,1.54,3.79
116.385,39.9958,0,0,0,0,0,0,0,0,1.44,3.75
116.24,40.0105,0,0,0,0,0,0,0,0,2.99,4.05
116.389,39.9956,0,0,0,0,0,0,0,0,1.79,3.7
116.26,40.0085,0,0,0,0,0,0,0,0,1.64,3.9
116.387,39.9958,0,0,0,0,0,0,0,0,1.87,3.75
116.472,39.9875,0,0,0,0,0,0,0,0,1.76,3.79
116.242,40.0107,0,0,0,0,0,0,0,0,1.45,3.94
116.261,40.0091,0,0,0,0,0,0,0,0,2.01,3.94
116.393,39.9961,0,0,0,0,0,0,0,0,1.92,3.72
116.54,39.9815,0,0,0,0,0,0,0,0,2.42,3.82
116.471,39.9884,0,0,0,0,0,0,0,0,1.88,3.79
116.245,40.0112,0,0,0,0,0,0,0,0,1.54,3.86
116.395,39.9962,0,0,0,0,0,0,0,0,2.42,3.72
116.244,40.0114,0,0,0,0,0,0,0,0,1.51,4.05
116.264,40.0094,0,0,0,0,0,0,0,0,2.44,3.83
116.397,39.9963,0,0,0,0,0,0,0,0,1.83,3.74
116.264,40.0097,0,0,0,0,0,0,0,0,1.83,3.94
116.398,39.9964,0,0,0,0,0,0,0,0,2.42,3.74
116.398,39.9966,0,0,0,0,0,0,0,0,2.44,3.79
116.265,40.01,0,0,0,0,0,0,0,0,2.57,4.01
116.248,40.0117,0,0,0,0,0,0,0,0,1.62,3.86
116.266,40.01,0,0,0,0,0,0,0,0,1.47,3.97
116.247,40.0119,0,0,0,0,0,0,0,0,1.48,4.05
116.4,39.9967,0,0,0,0,0,0,0,0,1.49,3.7
116.265,40.0104,0,0,0,0,0,0,0,0,2.89,3.97
116.469,39.99,0,0,0,0,0,0,0,0,3.06,3.79
116.271,40.0099,0,0,0,0,0,0,0,0,1.38,3.83
116.403,39.9966,0,0,0,0,0,0,0,0,1.39,3.79
116.268,40.0102,0,0,0,0,0,0,0,0,3.8,4.01
116.406,39.9966,0,0,0,0,0,0,0,0,1.59,3.79
116.404,39.9968,0,0,0,0,0,0,0,0,1.9,3.7
116.27,40.0103,0,0,0,0,0,0,0,0,1.99,3.97
116.273,40.01,0,0,0,0,0,0,0,0,1.98,4.01
116.25,40.0125,0,0,0,0,0,0,0,0,1.5,3.78
116.406,39.9968,0,0,0,0,0,0,0,0,2.14,3.7
116.271,40.0103,0,0,0,0,0,0,0,0,1.38,3.96
116.46,39.9916,0,0,0,0,0,0,0,0,1.64,3.77
116.273,40.0104,0,0,0,0,0,0,0,0,1.63,3.97
116.252,40.0125,0,0,0,0,0,0,0,0,1.38,3.86
116.274,40.0105,0,0,0,0,0,0,0,0,1.24,3.96
116.272,40.0107,0,0,0,0,0,0,0,0,1.18,4.01
116.253,40.0128,0,0,0,0,0,0,0,0,1.17,3.86
116.412,39.997,0,0,0,0,0,0,0,0,1.43,3.77
116.246,40.0138,0,0,0,0,0,0,0,0,1.29,3.8
116.275,40.0109,0,0,0,0,0,0,0,0,1.4,4.01
116.277,40.0108,0,0,0,0,0,0,0,0,1.28,3.96
116.414,39.9971,0,0,0,0,0,0,0,0,1.76,3.77
116.254,40.0134,0,0,0,0,0,0,0,0,1.22,3.78
116.537,39.985,0,0,0,0,0,0,0,0,1.94,3.97
116.465,39.9923,0,0,0,0,0,0,0,0,2.6,3.64
116.457,39.9932,0,0,0,0,0,0,0,0,1.48,3.77
116.277,40.0113,0,0,0,0,0,0,0,0,1.3,3.92
116.418,39.9972,0,0,0,0,0,0,0,0,1.45,3.77
116.281,40.0119,0,0,0,0,0,0,0,0,1.68,3.96
116.536,39.9864,0,0,0,0,0,0,0,0,1.66,3.97
116.265,40.0138,0,0,0,0,0,0,0,0,1.415,3.86
116.25,40.0157,0,0,0,0,0,0,0,0,2.51,3.78
116.431,39.9979,0,0,0,0,0,0,0,0,2.74,3.76
116.283,40.0128,0,0,0,0,0,0,0,0,1.97,3.91
116.252,40.016,0,0,0,0,0,0,0,0,1.56,3.8
116.535,39.9878,0,0,0,0,0,0,0,0,1.99,3.95
116.433,39.9979,0,0,0,0,0,0,0,0,3.61,3.77
116.474,39.994,0,0,0,0,0,0,0,0,2.3,3.64
116.449,39.9966,0,0,0,0,0,0,0,0,1.25,3.69
116.439,39.9977,0,0,0,0,0,0,0,0,2.16,3.76
116.437,39.998,0,0,0,0,0,0,0,0,3.84,3.77
116.252,40.0168,0,0,0,0,0,0,0,0,1.4,3.78
116.44,39.998,0,0,0,0,0,0,0,0,1.59,3.77
116.283,40.0139,0,0,0,0,0,0,0,0,1.42,3.92
116.442,39.998,0,0,0,0,0,0,0,0,1.88,3.74
116.472,39.9952,0,0,0,0,0,0,0,0,2.63,3.74
116.534,39.989,0,0,0,0,0,0,0,0,0.87,3.95
116.446,39.9981,0,0,0,0,0,0,0,0,1.58,3.74
116.449,39.9981,0,0,0,0,0,0,0,0,2.16,3.74
116.457,39.9973,0,0,0,0,0,0,0,0,1.47,3.78
116.285,40.0146,0,0,0,0,0,0,0,0,1.41,3.91
116.255,40.0177,0,0,0,0,0,0,0,0,2.01,3.9
116.255,40.0178,0,0,0,0,0,0,0,0,1.32,3.78
116.455,39.9978,0,0,0,0,0,0,0,0,2.1,3.78
116.523,39.9917,0,0,0,0,0,0,0,0,1.42,3.91
116.286,40.016,0,0,0,0,0,0,0,0,1.45,3.91
116.523,39.9924,0,0,0,0,0,0,0,0,1.37,3.96
116.467,39.9981,0,0,0,0,0,0,0,0,2.7,3.74
116.286,40.0168,0,0,0,0,0,0,0,0,1.89,4.01
116.531,39.9924,0,0,0,0,0,0,0,0,2.72,3.95
116.287,40.0176,0,0,0,0,0,0,0,0,1.43,3.82
116.464,40.0001,0,0,0,0,0,0,0,0,1.76,3.74
116.53,39.9937,0,0,0,0,0,0,0,0,4.4,3.97
116.287,40.0183,0,0,0,0,0,0,0,0,1.55,4.01
116.52,39.9953,0,0,0,0,0,0,0,0,1.08,3.96
116.462,40.0014,0,0,0,0,0,0,0,0,1.57,3.77
116.288,40.0192,0,0,0,0,0,0,0,0,1.39,3.82
116.52,39.996,0,0,0,0,0,0,0,0,1.09,3.96
116.529,39.9956,0,0,0,0,0,0,0,0,1.88,3.97
116.288,40.0201,0,0,0,0,0,0,0,0,1.99,3.94
116.518,39.9976,0,0,0,0,0,0,0,0,1.17,3.88
116.289,40.0207,0,0,0,0,0,0,0,0,1.36,3.82
116.528,39.9968,0,0,0,0,0,0,0,0,1.44,3.97
116.29,40.0214,0,0,0,0,0,0,0,0,1.34,3.82
116.527,39.9981,0,0,0,0,0,0,0,0,1.28,3.91
116.29,40.0224,0,0,0,0,0,0,0,0,1.58,3.94
116.28,40.0235,0,0,0,0,0,0,0,0,1.38,3.94
116.516,39.9999,0,0,0,0,0,0,0,0,1.13,3.88
116.281,40.0236,0,0,0,0,0,0,0,0,1.22,3.91
116.282,40.0245,0,0,0,0,0,0,0,0,1.53,3.94
116.525,40.0004,0,0,0,0,0,0,0,0,1.5,3.91
116.284,40.025,0,0,0,0,0,0,0,0,1.94,3.91
116.285,40.0252,0,0,0,0,0,0,0,0,1.97,3.91
116.285,40.0256,0,0,0,0,0,0,0,0,1.46,4.06
116.288,40.0259,0,0,0,0,0,0,0,0,1.51,3.9
116.287,40.0261,0,0,0,0,0,0,0,0,1.52,4.06
116.289,40.0263,0,0,0,0,0,0,0,0,1.69,4.06
116.513,40.0038,0,0,0,0,0,0,0,0,1.46,3.96
116.291,40.0263,0,0,0,0,0,0,0,0,2.11,3.9
116.292,40.0267,0,0,0,0,0,0,0,0,2.17,4.12
116.294,40.0265,0,0,0,0,0,0,0,0,1.53,3.95
116.294,40.027,0,0,0,0,0,0,0,0,2.31,4.12
116.297,40.0268,0,0,0,0,0,0,0,0,1.26,3.95
116.328,40.0238,0,0,0,0,0,0,0,0,1.6,3.9
116.327,40.0241,0,0,0,0,0,0,0,0,1.34,4.06
116.299,40.0271,0,0,0,0,0,0,0,0,1.3,3.95
116.33,40.0244,0,0,0,0,0,0,0,0,2.38,4.06
116.304,40.0275,0,0,0,0,0,0,0,0,1.04,3.95
116.334,40.0246,0,0,0,0,0,0,0,0,3.85,3.9
116.299,40.0284,0,0,0,0,0,0,0,0,1.12,3.96
116.522,40.0061,0,0,0,0,0,0,0,0,1.87,3.96
116.334,40.025,0,0,0,0,0,0,0,0,2.23,4.06
116.306,40.0278,0,0,0,0,0,0,0,0,1.37,3.96
116.336,40.0249,0,0,0,0,0,0,0,0,2,3.93
116.302,40.0286,0,0,0,0,0,0,0,0,1.19,3.96
116.33,40.026,0,0,0,0,0,0,0,0,2.17,3.93
116.521,40.0068,0,0,0,0,0,0,0,0,2.85,3.96
116.338,40.0253,0,0,0,0,0,0,0,0,2.31,3.93
116.304,40.0289,0,0,0,0,0,0,0,0,1.54,3.96
116.509,40.0084,0,0,0,0,0,0,0,0,2.53,3.92
116.337,40.0257,0,0,0,0,0,0,0,0,2.17,3.99
116.307,40.0291,0,0,0,0,0,0,0,0,1.41,3.96
116.306,40.0294,0,0,0,0,0,0,0,0,1.45,4
116.52,40.0081,0,0,0,0,0,0,0,0,1.94,3.96
116.307,40.0296,0,0,0,0,0,0,0,0,1.61,4
116.334,40.027,0,0,0,0,0,0,0,0,1.9,3.94
116.31,40.0294,0,0,0,0,0,0,0,0,1.28,3.96
116.332,40.0273,0,0,0,0,0,0,0,0,3.7,3.99
116.335,40.0273,0,0,0,0,0,0,0,0,1.68,3.94
116.333,40.0277,0,0,0,0,0,0,0,0,2.5,3.99
116.312,40.0298,0,0,0,0,0,0,0,0,1.29,3.86
116.312,40.0301,0,0,0,0,0,0,0,0,1.48,4
116.507,40.0108,0,0,0,0,0,0,0,0,1.73,3.93
116.315,40.0303,0,0,0,0,0,0,0,0,1.31,3.86
116.518,40.01,0,0,0,0,0,0,0,0,1.64,3.96
116.506,40.0113,0,0,0,0,0,0,0,0,3.52,3.93
116.315,40.0307,0,0,0,0,0,0,0,0,1.39,4
116.335,40.029,0,0,0,0,0,0,0,0,1.99,3.86
116.34,40.0287,0,0,0,0,0,0,0,0,1.32,3.95
116.517,40.0109,0,0,0,0,0,0,0,0,1.48,3.96
116.402,40.0226,0,0,0,0,0,0,0,0,1.3,3.92
116.505,40.0123,0,0,0,0,0,0,0,0,1.72,3.93
116.402,40.0228,0,0,0,0,0,0,0,0,1.37,3.98
116.342,40.0294,0,0,0,0,0,0,0,0,1.12,3.95
116.516,40.0121,0,0,0,0,0,0,0,0,2.07,3.96
116.402,40.0235,0,0,0,0,0,0,0,0,1.68,3.92
116.321,40.0317,0,0,0,0,0,0,0,0,1.22,3.9
116.402,40.0238,0,0,0,0,0,0,0,0,1.41,3.98
116.515,40.0125,0,0,0,0,0,0,0,0,1.57,3.96
116.515,40.0126,0,0,0,0,0,0,0,0,1.54167,3.97
116.515,40.0126,0,0,0,0,0,0,0,0,1.57,3.97
116.392,40.025,0,0,0,0,0,0,0,0,1.44,4.08
116.515,40.0126,0,0,0,0,0,0,0,0,1.62,3.965
116.499,40.0143,0,0,0,0,0,0,0,0,1.65364,3.94818
116.515,40.0126,0,0,0,0,0,0,0,0,1.603,3.974
116.323,40.0322,0,0,0,0,0,0,0,0,1.1,3.9
116.322,40.0324,0,0,0,0,0,0,0,0,1.16,3.86
116.314,40.0333,0,0,0,0,0,0,0,0,1.43,3.86
116.315,40.0332,0,0,0,0,0,0,0,0,1.23,3.9
116.392,40.0255,0,0,0,0,0,0,0,0,2.07,3.97
116.503,40.0146,0,0,0,0,0,0,0,0,1.28,3.9
116.346,40.0306,0,0,0,0,0,0,0,0,1.37,3.95
116.402,40.0251,0,0,0,0,0,0,0,0,1.23,3.92
116.402,40.0252,0,0,0,0,0,0,0,0,1.1,3.98
116.355,40.0299,0,0,0,0,0,0,0,0,1.335,4.025
116.317,40.0338,0,0,0,0,0,0,0,0,1.86,3.98
116.502,40.0154,0,0,0,0,0,0,0,0,1.21,3.9
116.32,40.0339,0,0,0,0,0,0,0,0,1.61,3.97
116.333,40.0328,0,0,0,0,0,0,0,0,2.73,3.86
116.348,40.0313,0,0,0,0,0,0,0,0,1.44,3.9
116.349,40.0316,0,0,0,0,0,0,0,0,1.25,3.9
116.393,40.0272,0,0,0,0,0,0,0,0,1.13,4.08
116.321,40.0344,0,0,0,0,0,0,0,0,1.69,3.98
116.324,40.0344,0,0,0,0,0,0,0,0,1.01,3.97
116.347,40.0322,0,0,0,0,0,0,0,0,1.77,3.96
116.394,40.0275,0,0,0,0,0,0,0,0,1.53,3.97
116.394,40.0276,0,0,0,0,0,0,0,0,1.12,4.08
116.394,40.0277,0,0,0,0,0,0,0,0,0.966667,4.05333
116.393,40.0277,0,0,0,0,0,0,0,0,1.04,4.02
116.349,40.0322,0,0,0,0,0,0,0,0,1.41,3.96
116.332,40.0339,0,0,0,0,0,0,0,0,1.93,3.94
116.394,40.0277,0,0,0,0,0,0,0,0,1.18889,4.05556
116.394,40.0277,0,0,0,0,0,0,0,0,1.38,3.9
116.394,40.0278,0,0,0,0,0,0,0,0,0.95,4.04
116.394,40.0278,0,0,0,0,0,0,0,0,1.15714,4.045
116.394,40.0278,0,0,0,0,0,0,0,0,1.3112,3.9936
116.394,40.0278,0,0,0,0,0,0,0,0,1.385,4.06
116.324,40.0348,0,0,0,0,0,0,0,0,1.65,3.98
116.394,40.0278,0,0,0,0,0,0,0,0,1.307,3.941
116.394,40.0278,0,0,0,0,0,0,0,0,1.37875,4.04
116.394,40.0278,0,0,0,0,0,0,0,0,1.358,4.074
116.4,40.0272,0,0,0,0,0,0,0,0,1.15,4.02
116.326,40.0346,0,0,0,0,0,0,0,0,2.04,3.97
116.5,40.0173,0,0,0,0,0,0,0,0,1.67,3.9
116.4,40.0273,0,0,0,0,0,0,0,0,1.66,3.97
116.353,40.0322,0,0,0,0,0,0,0,0,1.75,3.96
116.396,40.0282,0,0,0,0,0,0,0,0,1.58,3.97
116.5,40.0178,0,0,0,0,0,0,0,0,1.25,3.87
116.358,40.0321,0,0,0,0,0,0,0,0,2.45,3.92
116.36,40.0321,0,0,0,0,0,0,0,0,2.49,3.92
116.399,40.0283,0,0,0,0,0,0,0,0,1.27,3.97
116.398,40.0285,0,0,0,0,0,0,0,0,1.46,3.89
116.332,40.0351,0,0,0,0,0,0,0,0,1.67,3.94
116.364,40.0321,0,0,0,0,0,0,0,0,1.3,3.97
116.397,40.0289,0,0,0,0,0,0,0,0,1.19,4.02
116.397,40.029,0,0,0,0,0,0,0,0,1.26,3.97
116.366,40.0321,0,0,0,0,0,0,0,0,1.41,3.97
116.366,40.0324,0,0,0,0,0,0,0,0,2.23,3.79
116.367,40.0323,0,0,0,0,0,0,0,0,2.11,3.79
116.4,40.0291,0,0,0,0,0,0,0,0,1.31,3.89
116.372,40.032,0,0,0,0,0,0,0,0,2.23,4.03
116.395,40.0298,0,0,0,0,0,0,0,0,1.53,3.97
116.37,40.0323,0,0,0,0,0,0,0,0,1.5,4.07
116.363,40.0331,0,0,0,0,0,0,0,0,1.46,3.79
116.394,40.03,0,0,0,0,0,0,0,0,1.37,4.02
116.331,40.0363,0,0,0,0,0,0,0,0,1.55,3.94
116.498,40.0197,0,0,0,0,0,0,0,0,2.7,3.87
116.51,40.0186,0,0,0,0,0,0,0,0,1.62,3.92
116.376,40.0321,0,0,0,0,0,0,0,0,1.65,4.03
116.373,40.0323,0,0,0,0,0,0,0,0,1.69,4.07
116.401,40.0296,0,0,0,0,0,0,0,0,1.65,3.89
116.379,40.0319,0,0,0,0,0,0,0,0,2.02,3.9
116.379,40.0321,0,0,0,0,0,0,0,0,2.29,4.03
116.381,40.0319,0,0,0,0,0,0,0,0,2.05,3.9
116.331,40.037,0,0,0,0,0,0,0,0,1.41,3.94
116.377,40.0324,0,0,0,0,0,0,0,0,1.96,4.07
116.381,40.0321,0,0,0,0,0,0,0,0,1.39,3.98
116.461,40.0241,0,0,0,0,0,0,0,0,2.03,3.9
116.38,40.0324,0,0,0,0,0,0,0,0,1.58,3.99
116.386,40.032,0,0,0,0,0,0,0,0,1.36,3.9
116.331,40.0375,0,0,0,0,0,0,0,0,1.45,3.86
116.382,40.0324,0,0,0,0,0,0,0,0,1.89,3.99
116.386,40.0321,0,0,0,0,0,0,0,0,1.98,3.98
116.388,40.0319,0,0,0,0,0,0,0,0,2.365,3.985
116.496,40.0211,0,0,0,0,0,0,0,0,1.45,3.87
116.459,40.0248,0,0,0,0,0,0,0,0,1.19,3.9
116.402,40.0306,0,0,0,0,0,0,0,0,1.37,3.89
116.392,40.0315,0,0,0,0,0,0,0,0,1.35,4.03
116.388,40.032,0,0,0,0,0,0,0,0,1.56,3.9
116.388,40.0321,0,0,0,0,0,0,0,0,1.37,3.98
116.387,40.0323,0,0,0,0,0,0,0,0,1.38,3.95
116.386,40.0324,0,0,0,0,0,0,0,0,2.52,3.99
116.392,40.032,0,0,0,0,0,0,0,0,1.6,4.02
116.33,40.0381,0,0,0,0,0,0,0,0,1.41,3.86
116.457,40.0255,0,0,0,0,0,0,0,0,1.25,3.88
116.389,40.0323,0,0,0,0,0,0,0,0,1.44,3.95
116.372,40.0341,0,0,0,0,0,0,0,0,1.39,3.9
116.39,40.0325,0,0,0,0,0,0,0,0,1.46,3.95
116.33,40.0385,0,0,0,0,0,0,0,0,1.38,3.86
116.396,40.032,0,0,0,0,0,0,0,0,1.48,3.9
116.391,40.0324,0,0,0,0,0,0,0,0,1.51,3.95
116.398,40.0318,0,0,0,0,0,0,0,0,1.12,3.83
116.455,40.0262,0,0,0,0,0,0,0,0,1.36,3.88
116.398,40.032,0,0,0,0,0,0,0,0,1.35,3.74
116.394,40.0325,0,0,0,0,0,0,0,0,1.35,3.95
116.402,40.0318,0,0,0,0,0,0,0,0,1.18,3.83
116.401,40.032,0,0,0,0,0,0,0,0,1.36,3.74
116.37,40.0352,0,0,0,0,0,0,0,0,1.93,3.9
116.391,40.0331,0,0,0,0,0,0,0,0,1.2,4.08
116.403,40.0319,0,0,0,0,0,0,0,0,1.12,3.74
116.369,40.0355,0,0,0,0,0,0,0,0,1.11,3.9
116.369,40.0357,0,0,0,0,0,0,0,0,1.42,4.11
116.379,40.0346,0,0,0,0,0,0,0,0,1.76,4.03
116.396,40.033,0,0,0,0,0,0,0,0,1.28,3.9
116.449,40.0281,0,0,0,0,0,0,0,0,1.32,3.94
116.367,40.0367,0,0,0,0,0,0,0,0,1.67,4.11
116.423,40.0313,0,0,0,0,0,0,0,0,1.83,4
116.425,40.0312,0,0,0,0,0,0,0,0,1.64,4
116.397,40.0341,0,0,0,0,0,0,0,0,1.15,3.9
116.402,40.0336,0,0,0,0,0,0,0,0,1.39,3.9
116.43,40.0309,0,0,0,0,0,0,0,0,1.09,3.88
116.428,40.0311,0,0,0,0,0,0,0,0,1.91,4
116.391,40.0349,0,0,0,0,0,0,0,0,1.22,4.08
116.429,40.0311,0,0,0,0,0,0,0,0,1.11,4
116.434,40.0309,0,0,0,0,0,0,0,0,1.19,3.88
116.436,40.0307,0,0,0,0,0,0,0,0,1.17,3.88
116.366,40.0378,0,0,0,0,0,0,0,0,1.86,4.11
116.438,40.0306,0,0,0,0,0,0,0,0,1.98,3.88
116.457,40.0289,0,0,0,0,0,0,0,0,1.5,3.94
116.438,40.0308,0,0,0,0,0,0,0,0,1.25,3.88
116.441,40.0305,0,0,0,0,0,0,0,0,1.25,3.94
116.439,40.0308,0,0,0,0,0,0,0,0,1.14,3.88
116.401,40.0347,0,0,0,0,0,0,0,0,1.23,3.9
116.443,40.0305,0,0,0,0,0,0,0,0,1.17,3.94
116.455,40.0293,0,0,0,0,0,0,0,0,2.02,3.94
116.446,40.0304,0,0,0,0,0,0,0,0,1.84,3.94
116.453,40.0297,0,0,0,0,0,0,0,0,1.77,3.94
116.448,40.0303,0,0,0,0,0,0,0,0,2.01,3.94
116.45,40.0301,0,0,0,0,0,0,0,0,1.47,3.94
116.399,40.0353,0,0,0,0,0,0,0,0,1.2,3.9
116.365,40.0391,0,0,0,0,0,0,0,0,1.83,4.08
116.34,40.0416,0,0,0,0,0,0,0,0,1.74,3.88
116.502,40.0256,0,0,0,0,0,0,0,0,1.3,3.79
116.355,40.0405,0,0,0,0,0,0,0,0,1.88,4.12
116.353,40.0411,0,0,0,0,0,0,0,0,1.65,3.89
116.501,40.0264,0,0,0,0,0,0,0,0,1.23,3.83
116.354,40.0413,0,0,0,0,0,0,0,0,2.38,4.12
116.364,40.0405,0,0,0,0,0,0,0,0,1.56,4.08
116.33,40.0439,0,0,0,0,0,0,0,0,1.7,3.98
116.472,40.0298,0,0,0,0,0,0,0,0,1.57,3.83
116.34,40.0431,0,0,0,0,0,0,0,0,1.3,3.88
116.473,40.0299,0,0,0,0,0,0,0,0,1.48,3.83
116.474,40.0299,0,0,0,0,0,0,0,0,1.44,3.91
116.474,40.0299,0,0,0,0,0,0,0,0,1.69,3.91
116.475,40.0299,0,0,0,0,0,0,0,0,1.73,3.91
116.499,40.0275,0,0,0,0,0,0,0,0,1.2,3.83
116.475,40.0299,0,0,0,0,0,0,0,0,1.69,3.91
116.332,40.0443,0,0,0,0,0,0,0,0,1.75,3.98
116.353,40.0423,0,0,0,0,0,0,0,0,2.18,3.85
116.354,40.0423,0,0,0,0,0,0,0,0,1.54,4.05
116.477,40.0299,0,0,0,0,0,0,0,0,1.68,3.9
116.479,40.0299,0,0,0,0,0,0,0,0,1.36,3.9
116.497,40.0283,0,0,0,0,0,0,0,0,1.2,3.83
116.482,40.0299,0,0,0,0,0,0,0,0,1.55,3.9
116.482,40.0299,0,0,0,0,0,0,0,0,1.6,3.91
116.482,40.0299,0,0,0,0,0,0,0,0,1.75,3.89
116.353,40.0432,0,0,0,0,0,0,0,0,2.72,4.05
116.495,40.029,0,0,0,0,0,0,0,0,1.38,3.83
116.486,40.0299,0,0,0,0,0,0,0,0,1.35,3.91
116.352,40.0434,0,0,0,0,0,0,0,0,1.79,3.85
116.333,40.0454,0,0,0,0,0,0,0,0,3.07,3.98
116.493,40.0295,0,0,0,0,0,0,0,0,1.24,3.92
116.488,40.03,0,0,0,0,0,0,0,0,1.16,3.92
116.333,40.0456,0,0,0,0,0,0,0,0,1.81,3.98
116.49,40.0299,0,0,0,0,0,0,0,0,1.4,3.92
116.333,40.0456,0,0,0,0,0,0,0,0,1.615,3.96
116.333,40.0456,0,0,0,0,0,0,0,0,1.92,3.96
116.333,40.0456,0,0,0,0,0,0,0,0,2.37,3.94
116.333,40.0456,0,0,0,0,0,0,0,0,2.4,3.92
116.334,40.0456,0,0,0,0,0,0,0,0,1.6,3.92
116.351,40.044,0,0,0,0,0,0,0,0,1.51,3.85
116.351,40.044,0,0,0,0,0,0,0,0,1.49,3.87
116.351,40.044,0,0,0,0,0,0,0,0,1.54364,3.84545
116.351,40.0441,0,0,0,0,0,0,0,0,1.56,3.844
116.343,40.0448,0,0,0,0,0,0,0,0,1.515,3.885
116.352,40.044,0,0,0,0,0,0,0,0,1.39,4.05
116.351,40.0442,0,0,0,0,0,0,0,0,1.5,3.91
116.337,40.0456,0,0,0,0,0,0,0,0,1.61,4.05
116.338,40.0455,0,0,0,0,0,0,0,0,1.57,4.05
116.341,40.0454,0,0,0,0,0,0,0,0,2.07,4.05
116.343,40.0454,0,0,0,0,0,0,0,0,1.38,4.03
116.347,40.045,0,0,0,0,0,0,0,0,1.19,3.92
116.347,40.045,0,0,0,0,0,0,0,0,4.28,3.92
116.348,40.0449,0,0,0,0,0,0,0,0,1.25,3.92
116.469,40.0329,0,0,0,0,0,0,0,0,1.54,3.81
116.351,40.0448,0,0,0,0,0,0,0,0,1.36,3.91
116.347,40.0453,0,0,0,0,0,0,0,0,1.24,4.03
116.351,40.0449,0,0,0,0,0,0,0,0,1.21,3.89
116.352,40.0448,0,0,0,0,0,0,0,0,1.18,3.89
116.353,40.0448,0,0,0,0,0,0,0,0,1.16,3.89
116.353,40.0448,0,0,0,0,0,0,0,0,1.11,4.05
116.467,40.0335,0,0,0,0,0,0,0,0,2.29,3.81
116.351,40.0453,0,0,0,0,0,0,0,0,1.24,3.95
116.354,40.045,0,0,0,0,0,0,0,0,1.28,4
116.353,40.0452,0,0,0,0,0,0,0,0,1.36,3.95
116.354,40.0451,0,0,0,0,0,0,0,0,1.12,3.95
116.354,40.0452,0,0,0,0,0,0,0,0,1.21,3.96
116.355,40.0452,0,0,0,0,0,0,0,0,1.09,3.95
116.354,40.0452,0,0,0,0,0,0,0,0,1.15,3.96
116.354,40.0452,0,0,0,0,0,0,0,0,1.24,3.95
116.351,40.0455,0,0,0,0,0,0,0,0,1.26,3.98
116.356,40.0451,0,0,0,0,0,0,0,0,1.22,4.05
116.356,40.0451,0,0,0,0,0,0,0,0,1.26,3.95
116.357,40.0451,0,0,0,0,0,0,0,0,1.15,4.03
116.357,40.0451,0,0,0,0,0,0,0,0,1.095,4.03
116.464,40.0344,0,0,0,0,0,0,0,0,1.31,3.81
116.357,40.0453,0,0,0,0,0,0,0,0,1.11,3.79
116.357,40.0454,0,0,0,0,0,0,0,0,1.15,3.79
116.407,40.0404,0,0,0,0,0,0,0,0,1.36,3.94
116.358,40.0457,0,0,0,0,0,0,0,0,1.23,3.92
116.358,40.046,0,0,0,0,0,0,0,0,1.26,3.92
116.359,40.046,0,0,0,0,0,0,0,0,1.5,4.08
116.358,40.0465,0,0,0,0,0,0,0,0,1.18,3.92
116.357,40.0474,0,0,0,0,0,0,0,0,2.03,3.89
116.358,40.0475,0,0,0,0,0,0,0,0,2.6,4.05
116.356,40.0486,0,0,0,0,0,0,0,0,1.56,3.89
116.354,40.0506,0,0,0,0,0,0,0,0,2.03,3.89
116.356,40.0509,0,0,0,0,0,0,0,0,1.48,4.12
116.35,40.0624,0,0,0,0,0,0,0,0,1.4,3.91
